time: -607078212.000000	1309357947	68348
time: -607065934.000000	1309357959	346970
time: -607065858.000000	1309357959	422256
time: -607065812.000000	1309357959	468197
time: -607065750.000000	1309357959	530053
time: -607065639.000000	1309357959	641452
time: -607065429.000000	1309357959	851565
time: -607065381.000000	1309357959	899654
time: -607065319.000000	1309357959	961446
time: -607065213.000000	1309357960	67598
time: -607064980.000000	1309357960	300432
time: -607064934.000000	1309357960	346781
time: -607064908.000000	1309357960	372449
time: -607064796.000000	1309357960	484666
time: -607064581.000000	1309357960	699155
time: -607064528.000000	1309357960	752324
time: -607064483.000000	1309357960	797170
time: -607064373.000000	1309357960	907225
time: -607064145.000000	1309357961	135727
time: -607064099.000000	1309357961	181691
time: -607064069.000000	1309357961	211578
time: -607063951.000000	1309357961	329962
time: -607063754.000000	1309357961	526742
time: -607063708.000000	1309357961	572988
time: -607063654.000000	1309357961	626815
time: -607063560.000000	1309357961	720028
time: -607063355.000000	1309357961	925918
time: -607063309.000000	1309357961	971554
time: -607063239.000000	1309357962	41690
time: -607063136.000000	1309357962	144660
time: -607062964.000000	1309357962	316705
time: -607062733.000000	1309357962	547285
event7: latest hz = 2 (average hz = 2)
time: -607062532.000000	1309357962	748854
time: -607062284.000000	1309357962	996551
time: -607062075.000000	1309357963	205089
time: -607062022.000000	1309357963	258794
time: -607061977.000000	1309357963	303769
time: -607061856.000000	1309357963	424607
event7: latest hz = 1 (average hz = 1)
time: -607061695.000000	1309357963	585025
time: -607060534.000000	1309357964	746613
time: -607060487.000000	1309357964	793361
time: -607060323.000000	1309357964	957206
time: -607060305.000000	1309357964	975133
time: -607060145.000000	1309357965	135243
time: -607060095.000000	1309357965	185476
time: -607059931.000000	1309357965	349332
time: -607059914.000000	1309357965	366796
time: -607059768.000000	1309357965	512406
time: -607059712.000000	1309357965	568313
time: -607059546.000000	1309357965	734297
time: -607059528.000000	1309357965	752191
time: -607059392.000000	1309357965	888914
time: -607059352.000000	1309357965	928029
time: -607059184.000000	1309357966	96284
time: -607059160.000000	1309357966	120026
time: -607059017.000000	1309357966	263860
time: -607058952.000000	1309357966	328291
time: -607058787.000000	1309357966	493214
time: -607058761.000000	1309357966	519218
time: -607058601.000000	1309357966	679273
time: -607058553.000000	1309357966	727805
time: -607058387.000000	1309357966	893953
time: -607058369.000000	1309357966	911149
time: -607058216.000000	1309357967	64129
time: -607058155.000000	1309357967	125871
time: -607057993.000000	1309357967	287561
time: -607057961.000000	1309357967	319695
time: -607057808.000000	1309357967	472429
time: -607057777.000000	1309357967	503554
time: -607057625.000000	1309357967	655007
time: -607057593.000000	1309357967	687647
time: -607057448.000000	1309357967	832711
time: -607057396.000000	1309357967	884729
time: -607057246.000000	1309357968	34968
time: -607057216.000000	1309357968	64915
time: -607057057.000000	1309357968	223612
time: -607057025.000000	1309357968	255592
time: -607056851.000000	1309357968	429553
time: -607056825.000000	1309357968	455516
time: -607056688.000000	1309357968	592497
time: -607056657.000000	1309357968	623879
time: -607056513.000000	1309357968	767833
time: -607056457.000000	1309357968	823982
time: -607056329.000000	1309357968	951721
time: -607056273.000000	1309357969	7619
time: -607056107.000000	1309357969	173644
time: -607056073.000000	1309357969	207986
time: -607055936.000000	1309357969	344709
time: -607055888.000000	1309357969	392951
time: -607055721.000000	1309357969	559355
time: -607055704.000000	1309357969	576447
time: -607055561.000000	1309357969	719438
time: -607055513.000000	1309357969	767908
time: -607055346.000000	1309357969	934037
time: -607055295.000000	1309357969	985369
time: -607055159.000000	1309357970	121100
time: -607055114.000000	1309357970	166530
time: -607054950.000000	1309357970	330519
time: -607054937.000000	1309357970	343949
time: -607054809.000000	1309357970	471756
time: -607054738.000000	1309357970	542599
time: -607054577.000000	1309357970	703198
time: -607054560.000000	1309357970	720941
time: -607054408.000000	1309357970	872167
time: -607054352.000000	1309357970	928254
time: -607054187.000000	1309357971	93845
time: -607054160.000000	1309357971	120203
time: -607054015.000000	1309357971	265085
time: -607053961.000000	1309357971	319401
time: -607053832.000000	1309357971	448793
time: -607053778.000000	1309357971	502226
time: -607053648.000000	1309357971	632183
time: -607053616.000000	1309357971	664772
time: -607053441.000000	1309357971	839022
time: -607053423.000000	1309357971	857457
time: -607053296.000000	1309357971	984009
time: -607053265.000000	1309357972	15834
time: -607053112.000000	1309357972	168706
time: -607053080.000000	1309357972	200460
time: -607052927.000000	1309357972	353339
time: -607052866.000000	1309357972	414568
time: -607052723.000000	1309357972	557564
time: -607052688.000000	1309357972	592910
time: -607052544.000000	1309357972	736936
time: -607052496.000000	1309357972	784586
time: -607052331.000000	1309357972	949006
time: -607052312.000000	1309357972	968828
time: -607052191.000000	1309357973	89340
time: -607052144.000000	1309357973	136234
time: -607052017.000000	1309357973	263628
time: -607051984.000000	1309357973	296922
time: -607051839.000000	1309357973	441321
time: -607051792.000000	1309357973	488781
time: -607051627.000000	1309357973	653348
time: -607051616.000000	1309357973	664465
time: -607051487.000000	1309357973	793201
time: -607051433.000000	1309357973	847011
time: -607051266.000000	1309357974	14330
time: -607051256.000000	1309357974	24075
time: -607051104.000000	1309357974	176325
time: -607051073.000000	1309357974	207813
time: -607050884.000000	1309357974	396503
time: -607050872.000000	1309357974	408352
time: -607050728.000000	1309357974	552400
time: -607050696.000000	1309357974	584312
time: -607050548.000000	1309357974	732074
time: -607050512.000000	1309357974	768130
time: -607050368.000000	1309357974	912171
time: -607050320.000000	1309357974	960183
time: -607050156.000000	1309357975	124709
time: -607050136.000000	1309357975	144580
time: -607049976.000000	1309357975	304335
time: -607049945.000000	1309357975	335824
time: -607049808.000000	1309357975	472594
time: -607049764.000000	1309357975	516975
time: -607049616.000000	1309357975	664589
time: -607049592.000000	1309357975	688422
time: -607049436.000000	1309357975	844729
time: -607049392.000000	1309357975	888060
time: -607049247.000000	1309357976	33343
time: -607049199.000000	1309357976	81461
time: -607049035.000000	1309357976	245672
time: -607049024.000000	1309357976	256210
time: -607048895.000000	1309357976	385254
time: -607048855.000000	1309357976	425575
time: -607048683.000000	1309357976	597908
time: -607048672.000000	1309357976	608297
time: -607048543.000000	1309357976	737450
time: -607048489.000000	1309357976	791604
time: -607048354.000000	1309357976	926350
time: -607048312.000000	1309357976	968319
time: -607048192.000000	1309357977	88247
time: -607048138.000000	1309357977	142163
time: -607047970.000000	1309357977	310486
time: -607047960.000000	1309357977	320899
time: -607047815.000000	1309357977	465307
time: -607047769.000000	1309357977	511937
time: -607047636.000000	1309357977	644025
time: -607047607.000000	1309357977	673181
time: -607047463.000000	1309357977	817167
time: -607047439.000000	1309357977	841622
time: -607047283.000000	1309357977	997451
time: -607047256.000000	1309357978	24233
time: -607047095.000000	1309357978	185023
time: -607047080.000000	1309357978	200429
time: -607046954.000000	1309357978	326967
time: -607046928.000000	1309357978	352185
time: -607046784.000000	1309357978	496783
time: -607046760.000000	1309357978	520638
time: -607046624.000000	1309357978	656327
time: -607046579.000000	1309357978	701571
time: -607046455.000000	1309357978	825491
time: -607046423.000000	1309357978	857789
time: -607046275.000000	1309357979	5724
time: -607046248.000000	1309357979	32824
time: -607045964.000000	1309357979	316762
time: -607045949.000000	1309357979	331258
time: -607045796.000000	1309357979	484906
time: -607045781.000000	1309357979	499298
time: -607045663.000000	1309357979	617047
time: -607045640.000000	1309357979	640975
time: -607045487.000000	1309357979	793625
time: -607045464.000000	1309357979	816623
time: -607045335.000000	1309357979	945007
time: -607045311.000000	1309357979	969977
time: -607045176.000000	1309357980	104720
time: -607045152.000000	1309357980	128956
time: -607045028.000000	1309357980	252588
time: -607045006.000000	1309357980	274051
time: -607044870.000000	1309357980	410473
time: -607044823.000000	1309357980	457114
time: -607044687.000000	1309357980	593397
time: -607044664.000000	1309357980	616997
time: -607044527.000000	1309357980	753724
time: -607044495.000000	1309357980	785298
time: -607044354.000000	1309357980	926173
time: -607044343.000000	1309357980	937295
time: -607044215.000000	1309357981	65771
time: -607044191.000000	1309357981	89685
time: -607044004.000000	1309357981	276816
time: -607043984.000000	1309357981	296892
time: -607043847.000000	1309357981	433167
time: -607043814.000000	1309357981	466437
time: -607043672.000000	1309357981	608163
time: -607043638.000000	1309357981	642147
time: -607043518.000000	1309357981	762522
time: -607043487.000000	1309357981	793253
time: -607043359.000000	1309357981	921417
time: -607043335.000000	1309357981	945112
time: -607043190.000000	1309357982	90287
time: -607043158.000000	1309357982	122211
time: -607043022.000000	1309357982	258218
time: -607042977.000000	1309357982	303061
time: -607042864.000000	1309357982	416974
time: -607042815.000000	1309357982	465311
time: -607042511.000000	1309357982	769152
time: -607042495.000000	1309357982	785310
time: -607042338.000000	1309357982	942929
time: -607042327.000000	1309357982	953365
time: -607042207.000000	1309357983	73195
time: -607042184.000000	1309357983	96929
time: -607042064.000000	1309357983	216837
time: -607042018.000000	1309357983	262671
time: -607041737.000000	1309357983	543144
time: -607041725.000000	1309357983	555164
time: -607041591.000000	1309357983	689038
time: -607041567.000000	1309357983	713272
time: -607041431.000000	1309357983	849216
time: -607041415.000000	1309357983	865220
time: -607041280.000000	1309357984	313
time: -607041256.000000	1309357984	24818
time: -607041090.000000	1309357984	190717
time: -607041079.000000	1309357984	201602
time: -607040981.000000	1309357984	299178
time: -607040935.000000	1309357984	345775
time: -607040810.000000	1309357984	470289
time: -607040755.000000	1309357984	525986
time: -607040654.000000	1309357984	626024
time: -607040607.000000	1309357984	673103
time: -607040491.000000	1309357984	789210
time: -607040462.000000	1309357984	818479
time: -607040326.000000	1309357984	954223
time: -607040279.000000	1309357985	1865
time: -607040143.000000	1309357985	137606
time: -607040111.000000	1309357985	169701
time: -607039959.000000	1309357985	321563
time: -607039935.000000	1309357985	345382
time: -607039767.000000	1309357985	513426
time: -607039751.000000	1309357985	529221
time: -607039631.000000	1309357985	649535
time: -607039599.000000	1309357985	681398
time: -607039462.000000	1309357985	818163
time: -607039439.000000	1309357985	841655
time: -607039295.000000	1309357985	985558
time: -607039278.000000	1309357986	2513
time: -607039118.000000	1309357986	162094
time: -607039111.000000	1309357986	169020
time: -607038969.000000	1309357986	311788
time: -607038951.000000	1309357986	329696
time: -607038830.000000	1309357986	450877
time: -607038783.000000	1309357986	497449
time: -607038671.000000	1309357986	609836
time: -607038647.000000	1309357986	633129
time: -607038527.000000	1309357986	753315
time: -607038503.000000	1309357986	777347
time: -607038367.000000	1309357986	913122
time: -607038351.000000	1309357986	929840
time: -607038207.000000	1309357987	73768
time: -607038191.000000	1309357987	89631
time: -607038081.000000	1309357987	199561
time: -607038062.000000	1309357987	218684
time: -607037927.000000	1309357987	353439
time: -607037903.000000	1309357987	377259
time: -607037775.000000	1309357987	505766
time: -607037730.000000	1309357987	550122
time: -607037574.000000	1309357987	706877
time: -607037550.000000	1309357987	730775
time: -607037422.000000	1309357987	858015
time: -607037383.000000	1309357987	897968
time: -607037263.000000	1309357988	17942
time: -607037216.000000	1309357988	64866
time: -607037100.000000	1309357988	180893
time: -607037087.000000	1309357988	193957
time: -607036919.000000	1309357988	361729
time: -607036903.000000	1309357988	377408
time: -607036785.000000	1309357988	495979
time: -607036765.000000	1309357988	515443
time: -607036631.000000	1309357988	649503
time: -607036607.000000	1309357988	673424
time: -607036467.000000	1309357988	813425
time: -607036421.000000	1309357988	859050
time: -607036310.000000	1309357988	970421
time: -607036278.000000	1309357989	2187
time: -607036149.000000	1309357989	131114
time: -607036118.000000	1309357989	162937
time: -607035999.000000	1309357989	281913
time: -607035953.000000	1309357989	327027
time: -607035838.000000	1309357989	442908
time: -607035814.000000	1309357989	466102
time: -607035670.000000	1309357989	610301
time: -607035655.000000	1309357989	625847
time: -607035519.000000	1309357989	761777
time: -607035494.000000	1309357989	786074
time: -607035360.000000	1309357989	920188
time: -607035334.000000	1309357989	946226
time: -607035207.000000	1309357990	73445
time: -607035160.000000	1309357990	120800
time: -607035027.000000	1309357990	253415
time: -607034997.000000	1309357990	283149
time: -607034884.000000	1309357990	396970
time: -607034861.000000	1309357990	419213
time: -607034729.000000	1309357990	551774
time: -607034703.000000	1309357990	577624
time: -607034583.000000	1309357990	697776
time: -607034550.000000	1309357990	730087
time: -607034412.000000	1309357990	868788
time: -607034390.000000	1309357990	890007
time: -607034254.000000	1309357991	26208
time: -607034230.000000	1309357991	50180
time: -607034095.000000	1309357991	185994
time: -607034063.000000	1309357991	217817
time: -607033927.000000	1309357991	353967
time: -607033902.000000	1309357991	378015
time: -607033767.000000	1309357991	513782
time: -607033734.000000	1309357991	546031
time: -607033614.000000	1309357991	666044
time: -607033566.000000	1309357991	714107
time: -607033435.000000	1309357991	845994
time: -607033391.000000	1309357991	889682
time: -607033281.000000	1309357991	999638
time: -607033233.000000	1309357992	47002
time: -607033125.000000	1309357992	155448
time: -607033078.000000	1309357992	202967
time: -607032967.000000	1309357992	313799
time: -607032916.000000	1309357992	364242
time: -607032791.000000	1309357992	489291
time: -607032757.000000	1309357992	523345
time: -607032638.000000	1309357992	642317
time: -607032614.000000	1309357992	666398
time: -607032490.000000	1309357992	790534
time: -607032443.000000	1309357992	837755
time: -607032334.000000	1309357992	946360
time: -607032294.000000	1309357992	986100
time: -607032163.000000	1309357993	117951
time: -607032143.000000	1309357993	137924
time: -607032015.000000	1309357993	265857
time: -607031958.000000	1309357993	322062
time: -607031842.000000	1309357993	438609
time: -607031813.000000	1309357993	467550
time: -607031685.000000	1309357993	595304
time: -607031653.000000	1309357993	627265
time: -607031514.000000	1309357993	766524
time: -607031485.000000	1309357993	795629
time: -607031357.000000	1309357993	923590
time: -607031325.000000	1309357993	955154
time: -607031202.000000	1309357994	78141
time: -607031156.000000	1309357994	124991
time: -607031023.000000	1309357994	257936
time: -607030972.000000	1309357994	308452
time: -607030850.000000	1309357994	430364
time: -607030803.000000	1309357994	477301
time: -607030694.000000	1309357994	586241
time: -607030654.000000	1309357994	626183
time: -607030530.000000	1309357994	750455
time: -607030485.000000	1309357994	795666
time: -607030349.000000	1309357994	931535
time: -607030317.000000	1309357994	963193
time: -607030197.000000	1309357995	83753
time: -607030150.000000	1309357995	130874
time: -607030022.000000	1309357995	258479
time: -607029990.000000	1309357995	290617
time: -607029862.000000	1309357995	418639
time: -607029838.000000	1309357995	442712
time: -607029710.000000	1309357995	570371
time: -607029660.000000	1309357995	620568
time: -607029528.000000	1309357995	752371
time: -607029502.000000	1309357995	778109
time: -607029382.000000	1309357995	898189
time: -607029366.000000	1309357995	914034
time: -607029222.000000	1309357996	58178
time: -607029206.000000	1309357996	74269
time: -607029074.000000	1309357996	206855
time: -607029053.000000	1309357996	227806
time: -607028918.000000	1309357996	362836
time: -607028868.000000	1309357996	412911
time: -607028752.000000	1309357996	528861
time: -607028706.000000	1309357996	574009
time: -607028590.000000	1309357996	690775
time: -607028565.000000	1309357996	715872
time: -607028426.000000	1309357996	854366
time: -607028405.000000	1309357996	875214
time: -607028269.000000	1309357997	11855
time: -607028262.000000	1309357997	18695
time: -607028106.000000	1309357997	174825
time: -607028086.000000	1309357997	194772
time: -607027958.000000	1309357997	322079
time: -607027933.000000	1309357997	347097
time: -607027806.000000	1309357997	474875
time: -607027781.000000	1309357997	499730
time: -607027601.000000	1309357997	679455
time: -607027589.000000	1309357997	691111
time: -607027469.000000	1309357997	811220
time: -607027422.000000	1309357997	858700
time: -607027302.000000	1309357997	978680
time: -607027243.000000	1309357998	37834
time: -607027127.000000	1309357998	153847
time: -607027079.000000	1309357998	201972
time: -607026961.000000	1309357998	319853
time: -607026915.000000	1309357998	365641
time: -607026798.000000	1309357998	482242
time: -607026752.000000	1309357998	528970
time: -607026627.000000	1309357998	653080
time: -607026589.000000	1309357998	691085
time: -607026469.000000	1309357998	811130
time: -607026417.000000	1309357998	863534
time: -607026301.000000	1309357998	979589
time: -607026278.000000	1309357999	2061
time: -607026150.000000	1309357999	130153
time: -607026094.000000	1309357999	186738
time: -607025970.000000	1309357999	310537
time: -607025914.000000	1309357999	366415
time: -607025806.000000	1309357999	474665
time: -607025774.000000	1309357999	506535
time: -607025642.000000	1309357999	638711
time: -607025622.000000	1309357999	658542
time: -607025484.000000	1309357999	796284
time: -607025437.000000	1309357999	843871
time: -607025321.000000	1309357999	959731
time: -607025292.000000	1309357999	988551
time: -607025165.000000	1309358000	115529
time: -607025133.000000	1309358000	147565
time: -607024997.000000	1309358000	283867
time: -607024966.000000	1309358000	314560
time: -607024829.000000	1309358000	451822
time: -607024813.000000	1309358000	467357
time: -607024677.000000	1309358000	603209
time: -607024645.000000	1309358000	635145
time: -607024523.000000	1309358000	757131
time: -607024476.000000	1309358000	804161
time: -607024350.000000	1309358000	930458
time: -607024326.000000	1309358000	954760
time: -607024198.000000	1309358001	82715
time: -607024156.000000	1309358001	124746
time: -607024037.000000	1309358001	243042
time: -607023986.000000	1309358001	294355
time: -607023878.000000	1309358001	402884
time: -607023824.000000	1309358001	456385
time: -607023718.000000	1309358001	562495
time: -607023656.000000	1309358001	624839
time: -607023538.000000	1309358001	742838
time: -607023491.000000	1309358001	789665
time: -607023382.000000	1309358001	898946
time: -607023342.000000	1309358001	938283
time: -607023210.000000	1309358002	70916
time: -607023174.000000	1309358002	106809
time: -607023054.000000	1309358002	226711
time: -607023014.000000	1309358002	266464
time: -607022885.000000	1309358002	395229
time: -607022862.000000	1309358002	418790
time: -607022725.000000	1309358002	555579
time: -607022702.000000	1309358002	578457
time: -607022578.000000	1309358002	702536
time: -607022549.000000	1309358002	731658
time: -607022422.000000	1309358002	858362
time: -607022373.000000	1309358002	907048
time: -607022242.000000	1309358003	38745
time: -607022212.000000	1309358003	68797
time: -607022102.000000	1309358003	178506
time: -607022077.000000	1309358003	203694
time: -607021952.000000	1309358003	328546
time: -607021906.000000	1309358003	374988
time: -607021790.000000	1309358003	490539
time: -607021742.000000	1309358003	538003
time: -607021610.000000	1309358003	670370
time: -607021581.000000	1309358003	699886
time: -607021444.000000	1309358003	836828
time: -607021413.000000	1309358003	867700
time: -607021285.000000	1309358003	995904
time: -607021252.000000	1309358004	28253
time: -607021133.000000	1309358004	147203
time: -607021064.000000	1309358004	216057
time: -607020951.000000	1309358004	329908
time: -607020926.000000	1309358004	354897
time: -607020805.000000	1309358004	475598
time: -607020756.000000	1309358004	524483
time: -607020622.000000	1309358004	658302
time: -607020597.000000	1309358004	683149
time: -607020469.000000	1309358004	811123
time: -607020416.000000	1309358004	864894
time: -607020315.000000	1309358004	965476
time: -607020268.000000	1309358005	12198
time: -607020156.000000	1309358005	124076
time: -607020106.000000	1309358005	174575
time: -607019982.000000	1309358005	298244
time: -607019940.000000	1309358005	340001
time: -607019813.000000	1309358005	467003
time: -607019755.000000	1309358005	525428
time: -607019653.000000	1309358005	627548
time: -607019593.000000	1309358005	687227
time: -607019501.000000	1309358005	779221
time: -607019453.000000	1309358005	827372
time: -607019329.000000	1309358005	951097
time: -607019274.000000	1309358006	6714
time: -607019149.000000	1309358006	131521
time: -607019097.000000	1309358006	183013
time: -607018982.000000	1309358006	298652
time: -607018926.000000	1309358006	354543
time: -607018796.000000	1309358006	484323
time: -607018773.000000	1309358006	507118
time: -607018649.000000	1309358006	631174
time: -607018603.000000	1309358006	677777
time: -607018476.000000	1309358006	804011
time: -607018469.000000	1309358006	811365
time: -607018327.000000	1309358006	953516
time: -607018317.000000	1309358006	963349
time: -607018151.000000	1309358007	129499
time: -607018142.000000	1309358007	138887
time: -607018022.000000	1309358007	258859
time: -607017990.000000	1309358007	290688
time: -607017869.000000	1309358007	411482
time: -607017837.000000	1309358007	443475
time: -607017710.000000	1309358007	570891
time: -607017683.000000	1309358007	597204
time: -607017556.000000	1309358007	724341
time: -607017503.000000	1309358007	777090
time: -607017380.000000	1309358007	900167
time: -607017348.000000	1309358007	932096
time: -607017225.000000	1309358008	55197
time: -607017178.000000	1309358008	102165
time: -607017067.000000	1309358008	213739
time: -607017015.000000	1309358008	265238
time: -607016896.000000	1309358008	384019
time: -607016851.000000	1309358008	429568
time: -607016740.000000	1309358008	540283
time: -607016690.000000	1309358008	590402
time: -607016566.000000	1309358008	714210
time: -607016549.000000	1309358008	731003
time: -607016413.000000	1309358008	867727
time: -607016365.000000	1309358008	915283
time: -607016201.000000	1309358009	79665
time: -607016189.000000	1309358009	91524
time: -607016085.000000	1309358009	195873
time: -607016043.000000	1309358009	237696
time: -607015779.000000	1309358009	501490
time: -607015734.000000	1309358009	546323
time: -607015618.000000	1309358009	662180
time: -607015597.000000	1309358009	683034
time: -607015461.000000	1309358009	819123
time: -607015437.000000	1309358009	843006
time: -607015310.000000	1309358009	970203
time: -607015293.000000	1309358009	987561
time: -607015133.000000	1309358010	147698
time: -607015117.000000	1309358010	163147
time: -607014963.000000	1309358010	317260
time: -607014956.000000	1309358010	324994
time: -607014674.000000	1309358010	606713
time: -607014652.000000	1309358010	628106
time: -607014500.000000	1309358010	780921
time: -607014477.000000	1309358010	803699
time: -607014348.000000	1309358010	932934
time: -607014316.000000	1309358010	964287
time: -607014188.000000	1309358011	92512
time: -607014165.000000	1309358011	115965
time: -607014029.000000	1309358011	251924
time: -607014005.000000	1309358011	275904
time: -607013861.000000	1309358011	419874
time: -607013836.000000	1309358011	444001
time: -607013701.000000	1309358011	579948
time: -607013685.000000	1309358011	595651
time: -607013529.000000	1309358011	751429
time: -607013515.000000	1309358011	765393
time: -607013160.000000	1309358012	120082
time: -607013140.000000	1309358012	140755
time: -607013006.000000	1309358012	274100
time: -607012981.000000	1309358012	299620
time: -607012522.000000	1309358012	758251
time: -607012474.000000	1309358012	806047
time: -607012032.000000	1309358013	248038
time: -607012012.000000	1309358013	268005
time: -607011865.000000	1309358013	415987
time: -607011834.000000	1309358013	446135
time: -607011707.000000	1309358013	573816
time: -607011685.000000	1309358013	595815
time: -607011545.000000	1309358013	735968
time: -607011540.000000	1309358013	740604
time: -607011380.000000	1309358013	900833
time: -607011355.000000	1309358013	925265
time: -607011195.000000	1309358014	85450
time: -607011172.000000	1309358014	108241
time: -607011028.000000	1309358014	252311
time: -607010988.000000	1309358014	292223
time: -607010862.000000	1309358014	418228
time: -607010807.000000	1309358014	473501
time: -607010691.000000	1309358014	589237
time: -607010667.000000	1309358014	613683
time: -607010528.000000	1309358014	752701
time: -607010524.000000	1309358014	756253
time: -607010388.000000	1309358014	892180
time: -607010362.000000	1309358014	918339
time: -607010225.000000	1309358015	55959
time: -607010195.000000	1309358015	85025
time: -607010068.000000	1309358015	212816
time: -607010036.000000	1309358015	244872
time: -607009897.000000	1309358015	383773
time: -607009851.000000	1309358015	429121
time: -607009732.000000	1309358015	548027
time: -607009688.000000	1309358015	592745
time: -607009580.000000	1309358015	700649
time: -607009547.000000	1309358015	733469
time: -607009411.000000	1309358015	869320
time: -607009364.000000	1309358015	916331
time: -607009232.000000	1309358016	48199
time: -607009202.000000	1309358016	78424
time: -607009092.000000	1309358016	188946
time: -607009044.000000	1309358016	236578
time: -607008918.000000	1309358016	362487
time: -607008884.000000	1309358016	396386
time: -607008739.000000	1309358016	541078
time: -607008715.000000	1309358016	565140
time: -607008575.000000	1309358016	705573
time: -607008549.000000	1309358016	731927
time: -607008411.000000	1309358016	869967
time: -607008386.000000	1309358016	894101
time: -607008247.000000	1309358017	33377
time: -607008202.000000	1309358017	78681
time: -607008083.000000	1309358017	197530
time: -607008037.000000	1309358017	243669
time: -607007905.000000	1309358017	375213
time: -607007875.000000	1309358017	405105
time: -607007739.000000	1309358017	541775
time: -607007707.000000	1309358017	573319
time: -607007555.000000	1309358017	725196
time: -607007532.000000	1309358017	748373
time: -607007383.000000	1309358017	897469
time: -607007363.000000	1309358017	917295
time: -607007243.000000	1309358018	37820
time: -607007210.000000	1309358018	70355
time: -607007083.000000	1309358018	197509
time: -607007067.000000	1309358018	213075
time: -607006925.000000	1309358018	355046
time: -607006899.000000	1309358018	381591
time: -607006749.000000	1309358018	531340
time: -607006715.000000	1309358018	565066
time: -607006596.000000	1309358018	684114
time: -607006546.000000	1309358018	734959
time: -607006413.000000	1309358018	867122
time: -607006387.000000	1309358018	893051
time: -607006275.000000	1309358019	5973
time: -607006266.000000	1309358019	14824
time: -607006132.000000	1309358019	148961
time: -607006108.000000	1309358019	172549
time: -607005964.000000	1309358019	316441
time: -607005911.000000	1309358019	369597
time: -607005788.000000	1309358019	492470
time: -607005735.000000	1309358019	545329
time: -607005620.000000	1309358019	660113
time: -607005575.000000	1309358019	705835
time: -607005459.000000	1309358019	821978
time: -607005436.000000	1309358019	844889
time: -607005292.000000	1309358019	988908
time: -607005267.000000	1309358020	13074
time: -607005116.000000	1309358020	164861
time: -607005090.000000	1309358020	190670
time: -607004964.000000	1309358020	316787
time: -607004924.000000	1309358020	356387
time: -607004803.000000	1309358020	477056
time: -607004733.000000	1309358020	547890
time: -607004613.000000	1309358020	667556
time: -607004571.000000	1309358020	709377
time: -607004453.000000	1309358020	827589
time: -607004406.000000	1309358020	874196
time: -607004291.000000	1309358020	989759
time: -607004235.000000	1309358021	45072
time: -607004115.000000	1309358021	165102
time: -607004060.000000	1309358021	220352
time: -607003944.000000	1309358021	336441
time: -607003899.000000	1309358021	381952
time: -607003798.000000	1309358021	482270
time: -607003744.000000	1309358021	536905
time: -607003613.000000	1309358021	667816
time: -607003579.000000	1309358021	701595
time: -607003443.000000	1309358021	837598
time: -607003412.000000	1309358021	868415
time: -607003275.000000	1309358022	5043
time: -607003231.000000	1309358022	49901
time: -607003106.000000	1309358022	174283
time: -607003082.000000	1309358022	198072
time: -607002947.000000	1309358022	333854
time: -607002923.000000	1309358022	357852
time: -607002803.000000	1309358022	477712
time: -607002754.000000	1309358022	526237
time: -607002636.000000	1309358022	644246
time: -607002591.000000	1309358022	689314
time: -607002466.000000	1309358022	814542
time: -607002434.000000	1309358022	846000
time: -607002296.000000	1309358022	984864
time: -607002250.000000	1309358023	30069
time: -607002139.000000	1309358023	141838
time: -607002091.000000	1309358023	189899
time: -607001975.000000	1309358023	305620
time: -607001930.000000	1309358023	350861
time: -607001827.000000	1309358023	453577
time: -607001780.000000	1309358023	500500
time: -607001662.000000	1309358023	618902
time: -607001617.000000	1309358023	663798
time: -607001506.000000	1309358023	774908
time: -607001453.000000	1309358023	827411
time: -607001321.000000	1309358023	959265
time: -607001277.000000	1309358024	3551
time: -607001138.000000	1309358024	142440
time: -607001092.000000	1309358024	188248
time: -607000992.000000	1309358024	288088
time: -607000945.000000	1309358024	335092
time: -607000835.000000	1309358024	445098
time: -607000783.000000	1309358024	497288
time: -607000675.000000	1309358024	605596
time: -607000629.000000	1309358024	651521
time: -607000491.000000	1309358024	789331
time: -607000468.000000	1309358024	812763
time: -607000328.000000	1309358024	952389
time: -607000299.000000	1309358024	981637
time: -607000169.000000	1309358025	111193
time: -607000116.000000	1309358025	164804
time: -606999986.000000	1309358025	294249
time: -606999963.000000	1309358025	317366
time: -606999834.000000	1309358025	446152
time: -606999819.000000	1309358025	461077
time: -606999681.000000	1309358025	599141
time: -606999649.000000	1309358025	631009
time: -606999504.000000	1309358025	776903
time: -606999483.000000	1309358025	797193
time: -606999324.000000	1309358025	956205
time: -606999315.000000	1309358025	965928
time: -606999180.000000	1309358026	100536
time: -606999139.000000	1309358026	141804
time: -606999004.000000	1309358026	276917
time: -606998953.000000	1309358026	327438
time: -606998837.000000	1309358026	443267
time: -606998810.000000	1309358026	470314
time: -606998683.000000	1309358026	597328
time: -606998649.000000	1309358026	631573
time: -606998222.000000	1309358027	58349
time: -606998177.000000	1309358027	103260
time: -606998014.000000	1309358027	266925
time: -606998003.000000	1309358027	277987
time: -606997875.000000	1309358027	405013
time: -606997835.000000	1309358027	445178
time: -606997715.000000	1309358027	565157
time: -606997670.000000	1309358027	610312
time: -606997554.000000	1309358027	726322
time: -606997521.000000	1309358027	759116
time: -606997388.000000	1309358027	892853
time: -606997362.000000	1309358027	918719
time: -606997225.000000	1309358028	55159
time: -606997177.000000	1309358028	103776
time: -606997061.000000	1309358028	219779
time: -606997016.000000	1309358028	264679
time: -606996915.000000	1309358028	365529
time: -606996868.000000	1309358028	412791
time: -606996736.000000	1309358028	544680
time: -606996690.000000	1309358028	590501
time: -606996569.000000	1309358028	711740
time: -606996529.000000	1309358028	751780
time: -606996400.000000	1309358028	880030
time: -606996361.000000	1309358028	919818
time: -606996243.000000	1309358029	37134
time: -606996200.000000	1309358029	80123
time: -606996076.000000	1309358029	204161
time: -606996032.000000	1309358029	248704
time: -606995907.000000	1309358029	373385
time: -606995853.000000	1309358029	427209
time: -606995731.000000	1309358029	549939
time: -606995691.000000	1309358029	589799
time: -606995568.000000	1309358029	712046
time: -606995545.000000	1309358029	735802
time: -606995406.000000	1309358029	874783
time: -606995387.000000	1309358029	893563
time: -606995267.000000	1309358030	13940
time: -606995218.000000	1309358030	62125
time: -606995052.000000	1309358030	228885
time: -606995043.000000	1309358030	237647
time: -606994922.000000	1309358030	358619
time: -606994875.000000	1309358030	405077
time: -606994571.000000	1309358030	709221
time: -606994561.000000	1309358030	719067
time: -606994422.000000	1309358030	858687
time: -606994410.000000	1309358030	870525
time: -606994250.000000	1309358031	30516
time: -606994233.000000	1309358031	47015
time: -606994090.000000	1309358031	190754
time: -606994066.000000	1309358031	214764
time: -606993945.000000	1309358031	335035
time: -606993892.000000	1309358031	388777
time: -606993778.000000	1309358031	502051
time: -606993729.000000	1309358031	551248
time: -606993598.000000	1309358031	682982
time: -606993568.000000	1309358031	712988
time: -606993457.000000	1309358031	823062
time: -606993404.000000	1309358031	876108
time: -606993290.000000	1309358031	990682
time: -606993245.000000	1309358032	35577
time: -606993107.000000	1309358032	173880
time: -606993089.000000	1309358032	191907
time: -606992929.000000	1309358032	351977
time: -606992921.000000	1309358032	359145
time: -606992780.000000	1309358032	500875
time: -606992754.000000	1309358032	526858
time: -606992595.000000	1309358032	685257
time: -606992571.000000	1309358032	709529
time: -606992457.000000	1309358032	823597
time: -606992434.000000	1309358032	846746
time: -606992293.000000	1309358032	987232
time: -606992248.000000	1309358033	32034
time: -606992138.000000	1309358033	142347
time: -606992086.000000	1309358033	194060
time: -606991953.000000	1309358033	327597
time: -606991906.000000	1309358033	374871
time: -606991785.000000	1309358033	495039
time: -606991730.000000	1309358033	550740
time: -606991564.000000	1309358033	716723
time: -606991555.000000	1309358033	725352
time: -606991434.000000	1309358033	846704
time: -606991401.000000	1309358033	879298
time: -606991229.000000	1309358034	51336
time: -606991217.000000	1309358034	63250
time: -606991105.000000	1309358034	175154
time: -606991080.000000	1309358034	200071
time: -606990925.000000	1309358034	355079
time: -606990882.000000	1309358034	398693
time: -606990744.000000	1309358034	536452
time: -606990720.000000	1309358034	560043
time: -606990588.000000	1309358034	692318
time: -606990562.000000	1309358034	718705
time: -606990417.000000	1309358034	863204
time: -606990410.000000	1309358034	870782
time: -606990274.000000	1309358035	6832
time: -606990249.000000	1309358035	31101
time: -606990123.000000	1309358035	157568
time: -606990090.000000	1309358035	190865
time: -606989969.000000	1309358035	311071
time: -606989915.000000	1309358035	365122
time: -606989796.000000	1309358035	484181
time: -606989752.000000	1309358035	528680
time: -606989618.000000	1309358035	662775
time: -606989593.000000	1309358035	687612
time: -606989469.000000	1309358035	811433
time: -606989414.000000	1309358035	866446
time: -606989289.000000	1309358035	991425
time: -606989250.000000	1309358036	30772
time: -606989130.000000	1309358036	150738
time: -606989084.000000	1309358036	196544
time: -606988969.000000	1309358036	311796
time: -606988922.000000	1309358036	358834
time: -606988801.000000	1309358036	479036
time: -606988746.000000	1309358036	534714
time: -606988617.000000	1309358036	663755
time: -606988562.000000	1309358036	718972
time: -606988435.000000	1309358036	845504
time: -606988393.000000	1309358036	887520
time: -606988273.000000	1309358037	7233
time: -606988225.000000	1309358037	55121
time: -606988125.000000	1309358037	155602
time: -606988078.000000	1309358037	202481
time: -606987964.000000	1309358037	316157
time: -606987916.000000	1309358037	364351
time: -606987785.000000	1309358037	495917
time: -606987752.000000	1309358037	528760
time: -606987639.000000	1309358037	641250
time: -606987591.000000	1309358037	689418
time: -606987453.000000	1309358037	827730
time: -606987408.000000	1309358037	872684
time: -606987290.000000	1309358037	990133
time: -606987222.000000	1309358038	58599
time: -606987106.000000	1309358038	174084
time: -606987058.000000	1309358038	222791
time: -606986950.000000	1309358038	330780
time: -606986904.000000	1309358038	376203
time: -606986803.000000	1309358038	477425
time: -606986748.000000	1309358038	532233
time: -606986624.000000	1309358038	656286
time: -606986563.000000	1309358038	717128
time: -606986434.000000	1309358038	846973
time: -606986389.000000	1309358038	891672
time: -606986265.000000	1309358039	15982
time: -606986213.000000	1309358039	67611
time: -606986105.000000	1309358039	175778
time: -606986059.000000	1309358039	221615
time: -606985945.000000	1309358039	335720
time: -606985897.000000	1309358039	383373
time: -606985761.000000	1309358039	519801
time: -606985707.000000	1309358039	573771
time: -606985591.000000	1309358039	689852
time: -606985537.000000	1309358039	743744
time: -606985411.000000	1309358039	869216
time: -606985384.000000	1309358039	896622
time: -606985265.000000	1309358040	15916
time: -606985220.000000	1309358040	60577
time: -606985080.000000	1309358040	200749
time: -606985040.000000	1309358040	240318
time: -606984903.000000	1309358040	377123
time: -606984872.000000	1309358040	408072
time: -606984745.000000	1309358040	535975
time: -606984712.000000	1309358040	568183
time: -606984577.000000	1309358040	703863
time: -606984545.000000	1309358040	735786
time: -606984412.000000	1309358040	868053
time: -606984385.000000	1309358040	895908
time: -606984248.000000	1309358041	32380
time: -606984200.000000	1309358041	80189
time: -606984081.000000	1309358041	199621
time: -606984032.000000	1309358041	248328
time: -606983905.000000	1309358041	375749
time: -606983873.000000	1309358041	407664
time: -606983737.000000	1309358041	543728
time: -606983683.000000	1309358041	597049
time: -606983552.000000	1309358041	728364
time: -606983546.000000	1309358041	734957
time: -606983409.000000	1309358041	871100
time: -606983383.000000	1309358041	897158
time: -606983241.000000	1309358042	39306
time: -606983196.000000	1309358042	84098
time: -606983065.000000	1309358042	215957
time: -606983040.000000	1309358042	240923
time: -606982912.000000	1309358042	368170
time: -606982851.000000	1309358042	429134
time: -606982736.000000	1309358042	544382
time: -606982689.000000	1309358042	591808
time: -606982525.000000	1309358042	755586
time: -606982513.000000	1309358042	767091
time: -606982384.000000	1309358042	896242
time: -606982360.000000	1309358042	920033
time: -606982213.000000	1309358043	67304
time: -606982194.000000	1309358043	86820
time: -606982056.000000	1309358043	224760
time: -606982009.000000	1309358043	271509
time: -606981845.000000	1309358043	435603
time: -606981833.000000	1309358043	447167
time: -606981711.000000	1309358043	569141
time: -606981659.000000	1309358043	621034
time: -606981540.000000	1309358043	740022
time: -606981504.000000	1309358043	776315
time: -606981368.000000	1309358043	912254
time: -606981338.000000	1309358043	942865
time: -606981201.000000	1309358044	79790
time: -606981157.000000	1309358044	123856
time: -606981033.000000	1309358044	247981
time: -606980965.000000	1309358044	315660
time: -606980802.000000	1309358044	478453
time: -606980793.000000	1309358044	487115
time: -606980688.000000	1309358044	592969
time: -606980642.000000	1309358044	638968
time: -606980357.000000	1309358044	923532
time: -606980312.000000	1309358044	968284
time: -606980148.000000	1309358045	132224
time: -606980136.000000	1309358045	144106
time: -606979985.000000	1309358045	295293
time: -606979935.000000	1309358045	345451
time: -606979811.000000	1309358045	469382
time: -606979777.000000	1309358045	503409
time: -606979656.000000	1309358045	624862
time: -606979615.000000	1309358045	665031
time: -606979479.000000	1309358045	801669
time: -606979447.000000	1309358045	833027
time: -606979304.000000	1309358045	976010
time: -606979281.000000	1309358045	999822
time: -606979148.000000	1309358046	132577
time: -606979128.000000	1309358046	152537
time: -606979000.000000	1309358046	280999
time: -606978938.000000	1309358046	342989
time: -606978815.000000	1309358046	465214
time: -606978775.000000	1309358046	505145
time: -606978639.000000	1309358046	641164
time: -606978615.000000	1309358046	665228
time: -606978488.000000	1309358046	792201
time: -606978473.000000	1309358046	807043
time: -606978325.000000	1309358046	955611
time: -606978303.000000	1309358046	977736
time: -606978166.000000	1309358047	114430
time: -606978143.000000	1309358047	137594
time: -606977844.000000	1309358047	436309
time: -606977824.000000	1309358047	456261
time: -606977697.000000	1309358047	583291
time: -606977633.000000	1309358047	647333
time: -606977521.000000	1309358047	759394
time: -606977512.000000	1309358047	768019
time: -606977197.000000	1309358048	83348
time: -606977183.000000	1309358048	97186
time: -606977045.000000	1309358048	235268
time: -606977024.000000	1309358048	256153
time: -606976889.000000	1309358048	391066
time: -606976839.000000	1309358048	441740
time: -606976675.000000	1309358048	605966
time: -606976664.000000	1309358048	616553
time: -606976555.000000	1309358048	725659
time: -606976529.000000	1309358048	751587
time: -606976375.000000	1309358048	905650
time: -606976343.000000	1309358048	937608
time: -606976214.000000	1309358049	66208
time: -606976185.000000	1309358049	95737
time: -606976064.000000	1309358049	216679
time: -606976017.000000	1309358049	263814
time: -606975888.000000	1309358049	392485
time: -606975840.000000	1309358049	440373
time: -606975674.000000	1309358049	606240
time: -606975656.000000	1309358049	624877
time: -606975537.000000	1309358049	743994
time: -606975494.000000	1309358049	786158
time: -606975363.000000	1309358049	917893
time: -606975321.000000	1309358049	959764
time: -606975193.000000	1309358050	87966
time: -606975161.000000	1309358050	119647
time: -606975047.000000	1309358050	233042
time: -606975000.000000	1309358050	280799
time: -606974864.000000	1309358050	416866
time: -606974807.000000	1309358050	473189
time: -606974689.000000	1309358050	591209
time: -606974645.000000	1309358050	635805
time: -606974511.000000	1309358050	769814
time: -606974497.000000	1309358050	783697
time: -606974353.000000	1309358050	927778
time: -606974329.000000	1309358050	951691
time: -606974162.000000	1309358051	118584
time: -606974153.000000	1309358051	127584
time: -606974024.000000	1309358051	256991
time: -606973999.000000	1309358051	281114
time: -606973859.000000	1309358051	421011
time: -606973798.000000	1309358051	482086
time: -606973679.000000	1309358051	601867
time: -606973641.000000	1309358051	639724
time: -606973520.000000	1309358051	760855
time: -606973488.000000	1309358051	792256
time: -606973351.000000	1309358051	929241
time: -606973287.000000	1309358051	993026
time: -606973178.000000	1309358052	102165
time: -606973132.000000	1309358052	148109
time: -606973032.000000	1309358052	248049
time: -606972986.000000	1309358052	294645
time: -606972859.000000	1309358052	421616
time: -606972802.000000	1309358052	478221
time: -606972710.000000	1309358052	570633
time: -606972662.000000	1309358052	618223
time: -606972530.000000	1309358052	750466
time: -606972503.000000	1309358052	777134
time: -606972366.000000	1309358052	914210
time: -606972334.000000	1309358052	946409
time: -606972195.000000	1309358053	85260
time: -606972152.000000	1309358053	128807
time: -606972015.000000	1309358053	265456
time: -606971967.000000	1309358053	313106
time: -606971855.000000	1309358053	425133
time: -606971806.000000	1309358053	474929
time: -606971695.000000	1309358053	585406
time: -606971663.000000	1309358053	617942
time: -606971532.000000	1309358053	748125
time: -606971502.000000	1309358053	778101
time: -606971374.000000	1309358053	906448
time: -606971343.000000	1309358053	937989
time: -606971220.000000	1309358054	60715
time: -606971172.000000	1309358054	108702
time: -606971063.000000	1309358054	217355
time: -606971040.000000	1309358054	240832
time: -606970892.000000	1309358054	388649
time: -606970855.000000	1309358054	425228
time: -606970719.000000	1309358054	561118
time: -606970672.000000	1309358054	608953
time: -606970389.000000	1309358054	891224
time: -606970367.000000	1309358054	913350
time: -606970239.000000	1309358055	41928
time: -606970193.000000	1309358055	87755
time: -606970055.000000	1309358055	225692
time: -606970007.000000	1309358055	273014
time: -606969889.000000	1309358055	391261
time: -606969844.000000	1309358055	436130
time: -606969718.000000	1309358055	562036
time: -606969669.000000	1309358055	611893
time: -606969544.000000	1309358055	736947
time: -606969488.000000	1309358055	792901
time: -606969368.000000	1309358055	912858
time: -606969343.000000	1309358055	937560
time: -606969203.000000	1309358056	77594
time: -606969182.000000	1309358056	98410
time: -606968868.000000	1309358056	412124
time: -606968864.000000	1309358056	416910
time: -606968723.000000	1309358056	557894
time: -606968695.000000	1309358056	585401
time: -606968551.000000	1309358056	729344
time: -606968527.000000	1309358056	753404
time: -606968367.000000	1309358056	913637
time: -606968351.000000	1309358056	929471
time: -606968197.000000	1309358057	83752
time: -606968175.000000	1309358057	105430
time: -606968009.000000	1309358057	271174
time: -606967991.000000	1309358057	289350
time: -606967886.000000	1309358057	394223
time: -606967837.000000	1309358057	443897
time: -606967584.000000	1309358057	696384
time: -606967532.000000	1309358057	748785
time: -606967400.000000	1309358057	880496
time: -606967350.000000	1309358057	930263
time: -606967214.000000	1309358058	66700
time: -606967167.000000	1309358058	113846
time: -606967067.000000	1309358058	213960
time: -606967020.000000	1309358058	260694
time: -606966894.000000	1309358058	386319
time: -606966844.000000	1309358058	436251
time: -606966711.000000	1309358058	569595
time: -606966663.000000	1309358058	617261
time: -606966534.000000	1309358058	746626
time: -606966502.000000	1309358058	778855
time: -606966381.000000	1309358058	899059
time: -606966358.000000	1309358058	922255
time: -606966239.000000	1309358059	41311
time: -606966199.000000	1309358059	81895
time: -606966058.000000	1309358059	222005
time: -606966015.000000	1309358059	265815
time: -606965870.000000	1309358059	410872
time: -606965846.000000	1309358059	434938
time: -606965705.000000	1309358059	575032
time: -606965687.000000	1309358059	593581
time: -606965567.000000	1309358059	713838
time: -606965519.000000	1309358059	761640
time: -606965403.000000	1309358059	877873
time: -606965342.000000	1309358059	938748
time: -606965213.000000	1309358060	67208
time: -606965167.000000	1309358060	113699
time: -606965033.000000	1309358060	247604
time: -606964990.000000	1309358060	290108
time: -606964871.000000	1309358060	409992
time: -606964831.000000	1309358060	449692
time: -606964699.000000	1309358060	581746
time: -606964662.000000	1309358060	618030
time: -606964542.000000	1309358060	738341
time: -606964503.000000	1309358060	777913
time: -606964374.000000	1309358060	906461
time: -606964335.000000	1309358060	945484
time: -606964191.000000	1309358061	89693
time: -606964175.000000	1309358061	105967
time: -606964030.000000	1309358061	250179
time: -606964015.000000	1309358061	265670
time: -606963861.000000	1309358061	419809
time: -606963846.000000	1309358061	434330
time: -606963693.000000	1309358061	587929
time: -606963663.000000	1309358061	617719
time: -606963531.000000	1309358061	749839
time: -606963485.000000	1309358061	795198
time: -606963359.000000	1309358061	921346
time: -606963325.000000	1309358061	955225
time: -606963190.000000	1309358062	90897
time: -606963159.000000	1309358062	121492
time: -606963022.000000	1309358062	258316
time: -606962982.000000	1309358062	298506
time: -606962855.000000	1309358062	425834
time: -606962799.000000	1309358062	481491
time: -606962678.000000	1309358062	602136
time: -606962646.000000	1309358062	634081
time: -606962526.000000	1309358062	754107
time: -606962472.000000	1309358062	808843
time: -606962341.000000	1309358062	939238
time: -606962295.000000	1309358062	985690
time: -606962158.000000	1309358063	122136
time: -606962135.000000	1309358063	145930
time: -606961998.000000	1309358063	282714
time: -606961983.000000	1309358063	297694
time: -606961824.000000	1309358063	456271
time: -606961814.000000	1309358063	466020
time: -606961658.000000	1309358063	622645
time: -606961645.000000	1309358063	635628
time: -606961503.000000	1309358063	777735
time: -606961462.000000	1309358063	818263
time: -606961342.000000	1309358063	938432
time: -606961294.000000	1309358063	986002
time: -606961013.000000	1309358064	267860
time: -606960983.000000	1309358064	297675
time: -606960824.000000	1309358064	456723
time: -606960798.000000	1309358064	482255
time: -606960655.000000	1309358064	625945
time: -606960639.000000	1309358064	641829
time: -606960483.000000	1309358064	797704
time: -606960468.000000	1309358064	812509
time: -606960334.000000	1309358064	946466
time: -606960310.000000	1309358064	970606
time: -606960174.000000	1309358065	106680
time: -606960142.000000	1309358065	138387
time: -606959990.000000	1309358065	290151
time: -606959975.000000	1309358065	305888
time: -606959838.000000	1309358065	442580
time: -606959787.000000	1309358065	493872
time: -606959686.000000	1309358065	594593
time: -606959653.000000	1309358065	627481
time: -606959501.000000	1309358065	779376
time: -606959477.000000	1309358065	803148
time: -606959349.000000	1309358065	931397
time: -606959309.000000	1309358065	971289
time: -606959166.000000	1309358066	114640
time: -606959116.000000	1309358066	164391
time: -606958994.000000	1309358066	286414
time: -606958947.000000	1309358066	333561
time: -606958821.000000	1309358066	459483
time: -606958790.000000	1309358066	490974
time: -606958604.000000	1309358066	676713
time: -606958588.000000	1309358066	692292
time: -606958446.000000	1309358066	834444
time: -606958430.000000	1309358066	850398
time: -606958312.000000	1309358066	968082
time: -606958248.000000	1309358067	32873
time: -606958132.000000	1309358067	148453
time: -606958086.000000	1309358067	194767
time: -606957950.000000	1309358067	330258
time: -606957896.000000	1309358067	384739
time: -606957780.000000	1309358067	500519
time: -606957734.000000	1309358067	546123
time: -606957602.000000	1309358067	678241
time: -606957571.000000	1309358067	709045
time: -606957454.000000	1309358067	826714
time: -606957406.000000	1309358067	874670
time: -606957274.000000	1309358068	6016
time: -606957243.000000	1309358068	37058
time: -606956922.000000	1309358068	358398
time: -606956918.000000	1309358068	362085
time: -606955540.000000	1309358069	740107
time: -606955084.000000	1309358070	196410
