time: 1303861120132.000000	1303861120	132647
time: 1303861120389.000000	1303861120	389554
time: 1303861120427.000000	1303861120	427784
time: 1303861120457.000000	1303861120	457019
time: 1303861120499.000000	1303861120	499048
time: 1303861120673.000000	1303861120	673141
time: 1303861120759.000000	1303861120	759252
time: 1303861120793.000000	1303861120	793359
time: 1303861120893.000000	1303861120	893537
time: 1303861122134.000000	1303861122	134355
time: 1303861122234.000000	1303861122	234506
time: 1303861122419.000000	1303861122	419596
time: 1303861122499.000000	1303861122	499680
time: 1303861122559.000000	1303861122	559756
time: 1303861122599.000000	1303861122	599737
time: 1303861122654.000000	1303861122	654783
time: 1303861122794.000000	1303861122	794981
time: 1303861122796.000000	1303861122	796170
time: 1303861122874.000000	1303861122	874996
time: 1303861122969.000000	1303861122	969957
time: 1303861123110.000000	1303861123	110167
time: 1303861123340.000000	1303861123	340278
time: 1303861123480.000000	1303861123	480410
time: 1303861123481.000000	1303861123	481628
time: 1303861123600.000000	1303861123	600527
time: 1303861124315.000000	1303861124	315994
time: 1303861124416.000000	1303861124	416137
time: 1303861124551.000000	1303861124	551175
time: 1303861124731.000000	1303861124	731393
time: 1303861125011.000000	1303861125	11556
time: 1303861125111.000000	1303861125	111641
time: 1303861132430.000000	1303861132	430754
time: 1303861132566.000000	1303861132	566808
time: 1303861132718.000000	1303861132	718809
time: 1303861132798.000000	1303861132	798819
time: 1303861132934.000000	1303861132	934832
time: 1303861132990.000000	1303861132	990847
time: 1303861133150.000000	1303861133	150841
time: 1303861133214.000000	1303861133	214823
time: 1303861133366.000000	1303861133	366849
time: 1303861133470.000000	1303861133	470866
time: 1303861133566.000000	1303861133	566837
time: 1303861133630.000000	1303861133	630874
time: 1303861133694.000000	1303861133	694872
time: 1303861133798.000000	1303861133	798888
time: 1303861133902.000000	1303861133	902860
time: 1303861133998.000000	1303861133	998883
time: 1303861134102.000000	1303861134	102898
time: 1303861134198.000000	1303861134	198901
time: 1303861134286.000000	1303861134	286912
time: 1303861134382.000000	1303861134	382918
time: 1303861134478.000000	1303861134	478924
time: 1303861134550.000000	1303861134	550935
time: 1303861134686.000000	1303861134	686940
time: 1303861134766.000000	1303861134	766949
time: 1303861134878.000000	1303861134	878948
time: 1303861134982.000000	1303861134	982954
time: 1303861135086.000000	1303861135	86933
time: 1303861135182.000000	1303861135	182977
time: 1303861135294.000000	1303861135	294977
time: 1303861135366.000000	1303861135	366990
time: 1303861135478.000000	1303861135	478991
time: 1303861135566.000000	1303861135	566988
time: 1303861135679.000000	1303861135	679002
time: 1303861135783.000000	1303861135	783018
time: 1303861135895.000000	1303861135	895014
time: 1303861135998.000000	1303861135	998983
time: 1303861136087.000000	1303861136	87010
time: 1303861136167.000000	1303861136	167036
time: 1303861138863.000000	1303861138	863214
time: 1303861138927.000000	1303861138	927233
time: 1303861139031.000000	1303861139	31206
time: 1303861139119.000000	1303861139	119235
time: 1303861139423.000000	1303861139	423219
time: 1303861139463.000000	1303861139	463254
time: 1303861139583.000000	1303861139	583246
time: 1303861139647.000000	1303861139	647264
time: 1303861139759.000000	1303861139	759273
time: 1303861139823.000000	1303861139	823249
time: 1303861139919.000000	1303861139	919257
time: 1303861139999.000000	1303861139	999289
time: 1303861140095.000000	1303861140	95296
time: 1303861140167.000000	1303861140	167298
time: 1303861140279.000000	1303861140	279300
time: 1303861140359.000000	1303861140	359314
time: 1303861140455.000000	1303861140	455316
time: 1303861140535.000000	1303861140	535329
time: 1303861140647.000000	1303861140	647304
time: 1303861140719.000000	1303861140	719345
time: 1303861140863.000000	1303861140	863340
time: 1303861140951.000000	1303861140	951343
time: 1303861141063.000000	1303861141	63354
time: 1303861141135.000000	1303861141	135366
time: 1303861141247.000000	1303861141	247362
time: 1303861141343.000000	1303861141	343322
time: 1303861141439.000000	1303861141	439364
time: 1303861141535.000000	1303861141	535388
time: 1303861141639.000000	1303861141	639390
time: 1303861141719.000000	1303861141	719400
time: 1303861141839.000000	1303861141	839391
time: 1303861141919.000000	1303861141	919412
time: 1303861142023.000000	1303861142	23421
time: 1303861142119.000000	1303861142	119427
time: 1303861142223.000000	1303861142	223428
time: 1303861142327.000000	1303861142	327441
time: 1303861142407.000000	1303861142	407436
time: 1303861142519.000000	1303861142	519456
time: 1303861142599.000000	1303861142	599449
time: 1303861142663.000000	1303861142	663452
time: 1303861142751.000000	1303861142	751416
time: 1303861142847.000000	1303861142	847476
time: 1303861142943.000000	1303861142	943470
time: 1303861143007.000000	1303861143	7473
time: 1303861143119.000000	1303861143	119489
time: 1303861143183.000000	1303861143	183475
time: 1303861143295.000000	1303861143	295494
time: 1303861143351.000000	1303861143	351505
time: 1303861143463.000000	1303861143	463509
time: 1303861143511.000000	1303861143	511516
time: 1303861143631.000000	1303861143	631521
time: 1303861143695.000000	1303861143	695516
time: 1303861143823.000000	1303861143	823533
time: 1303861143887.000000	1303861143	887541
time: 1303861144007.000000	1303861144	7523
time: 1303861144063.000000	1303861144	63561
time: 1303861144199.000000	1303861144	199558
time: 1303861144255.000000	1303861144	255544
time: 1303861144359.000000	1303861144	359569
time: 1303861144447.000000	1303861144	447539
time: 1303861144543.000000	1303861144	543583
time: 1303861144615.000000	1303861144	615565
time: 1303861144719.000000	1303861144	719581
time: 1303861144815.000000	1303861144	815606
time: 1303861144927.000000	1303861144	927616
time: 1303861144991.000000	1303861144	991603
time: 1303861145127.000000	1303861145	127621
time: 1303861145191.000000	1303861145	191614
time: 1303861145319.000000	1303861145	319633
time: 1303861145399.000000	1303861145	399655
time: 1303861145519.000000	1303861145	519648
time: 1303861145591.000000	1303861145	591656
time: 1303861145719.000000	1303861145	719658
time: 1303861145791.000000	1303861145	791666
time: 1303861145903.000000	1303861145	903641
time: 1303861145983.000000	1303861145	983646
time: 1303861146111.000000	1303861146	111683
time: 1303861146191.000000	1303861146	191677
time: 1303861146303.000000	1303861146	303697
time: 1303861146391.000000	1303861146	391706
time: 1303861146503.000000	1303861146	503694
time: 1303861146591.000000	1303861146	591708
time: 1303861146687.000000	1303861146	687721
time: 1303861146791.000000	1303861146	791734
time: 1303861146871.000000	1303861146	871720
time: 1303861146943.000000	1303861146	943707
time: 1303861147055.000000	1303861147	55757
time: 1303861147151.000000	1303861147	151767
time: 1303861147247.000000	1303861147	247754
time: 1303861147335.000000	1303861147	335769
time: 1303861147447.000000	1303861147	447770
time: 1303861147519.000000	1303861147	519775
time: 1303861147631.000000	1303861147	631786
time: 1303861147703.000000	1303861147	703794
time: 1303861147807.000000	1303861147	807765
time: 1303861147863.000000	1303861147	863801
time: 1303861147967.000000	1303861147	967807
time: 1303861148039.000000	1303861148	39814
time: 1303861148159.000000	1303861148	159807
time: 1303861148207.000000	1303861148	207829
time: 1303861148335.000000	1303861148	335827
time: 1303861148391.000000	1303861148	391823
time: 1303861148503.000000	1303861148	503843
time: 1303861148591.000000	1303861148	591821
time: 1303861148695.000000	1303861148	695852
time: 1303861148751.000000	1303861148	751829
time: 1303861148879.000000	1303861148	879865
time: 1303861148943.000000	1303861148	943852
time: 1303861149063.000000	1303861149	63884
time: 1303861149143.000000	1303861149	143877
time: 1303861149255.000000	1303861149	255883
time: 1303861149311.000000	1303861149	311815
time: 1303861149407.000000	1303861149	407899
time: 1303861149479.000000	1303861149	479876
time: 1303861149575.000000	1303861149	575909
time: 1303861149623.000000	1303861149	623914
time: 1303861149743.000000	1303861149	743910
time: 1303861149807.000000	1303861149	807931
time: 1303861149927.000000	1303861149	927929
time: 1303861150007.000000	1303861150	7945
time: 1303861150111.000000	1303861150	111920
time: 1303861150199.000000	1303861150	199957
time: 1303861150327.000000	1303861150	327954
time: 1303861150391.000000	1303861150	391934
time: 1303861150511.000000	1303861150	511989
time: 1303861150591.000000	1303861150	591965
time: 1303861150735.000000	1303861150	735985
time: 1303861150799.000000	1303861150	799995
time: 1303861150895.000000	1303861150	895964
time: 1303861150951.000000	1303861150	951982
time: 1303861151072.000000	1303861151	72010
time: 1303861151136.000000	1303861151	136014
time: 1303861151264.000000	1303861151	264021
time: 1303861151344.000000	1303861151	344029
time: 1303861151456.000000	1303861151	456028
time: 1303861151528.000000	1303861151	528043
time: 1303861151664.000000	1303861151	664014
time: 1303861151712.000000	1303861151	712030
time: 1303861151840.000000	1303861151	840057
time: 1303861151904.000000	1303861151	904066
time: 1303861152024.000000	1303861152	24069
time: 1303861152096.000000	1303861152	96072
time: 1303861152208.000000	1303861152	208077
time: 1303861152288.000000	1303861152	288093
time: 1303861152408.000000	1303861152	408088
time: 1303861152496.000000	1303861152	496105
time: 1303861152600.000000	1303861152	600104
time: 1303861152688.000000	1303861152	688117
time: 1303861152856.000000	1303861152	856117
time: 1303861152872.000000	1303861152	872096
time: 1303861152984.000000	1303861152	984139
time: 1303861153056.000000	1303861153	56145
time: 1303861153144.000000	1303861153	144115
time: 1303861153200.000000	1303861153	200150
time: 1303861153480.000000	1303861153	480147
time: 1303861153552.000000	1303861153	552173
time: 1303861153672.000000	1303861153	672178
time: 1303861153760.000000	1303861153	760127
time: 1303861153872.000000	1303861153	872116
time: 1303861153952.000000	1303861153	952172
time: 1303861154056.000000	1303861154	56213
time: 1303861154160.000000	1303861154	160160
time: 1303861154288.000000	1303861154	288213
time: 1303861154352.000000	1303861154	352219
time: 1303861154456.000000	1303861154	456225
time: 1303861154544.000000	1303861154	544210
time: 1303861154656.000000	1303861154	656240
time: 1303861154744.000000	1303861154	744258
time: 1303861154848.000000	1303861154	848253
time: 1303861154920.000000	1303861154	920266
time: 1303861155032.000000	1303861155	32269
time: 1303861155104.000000	1303861155	104278
time: 1303861155232.000000	1303861155	232276
time: 1303861155296.000000	1303861155	296287
time: 1303861155424.000000	1303861155	424294
time: 1303861155512.000000	1303861155	512303
time: 1303861155616.000000	1303861155	616302
time: 1303861155656.000000	1303861155	656271
time: 1303861155752.000000	1303861155	752317
time: 1303861155856.000000	1303861155	856325
time: 1303861156144.000000	1303861156	144345
time: 1303861156216.000000	1303861156	216312
time: 1303861156312.000000	1303861156	312350
time: 1303861156384.000000	1303861156	384357
time: 1303861156488.000000	1303861156	488361
time: 1303861156544.000000	1303861156	544371
time: 1303861156664.000000	1303861156	664379
time: 1303861156736.000000	1303861156	736383
time: 1303861156848.000000	1303861156	848357
time: 1303861156944.000000	1303861156	944399
time: 1303861157072.000000	1303861157	72410
time: 1303861157120.000000	1303861157	120394
time: 1303861157248.000000	1303861157	248410
time: 1303861157312.000000	1303861157	312418
time: 1303861157424.000000	1303861157	424420
time: 1303861157512.000000	1303861157	512397
time: 1303861157616.000000	1303861157	616435
time: 1303861157696.000000	1303861157	696429
time: 1303861157808.000000	1303861157	808448
time: 1303861157872.000000	1303861157	872463
time: 1303861157992.000000	1303861157	992432
time: 1303861158088.000000	1303861158	88448
time: 1303861158192.000000	1303861158	192449
time: 1303861158256.000000	1303861158	256483
time: 1303861158384.000000	1303861158	384487
time: 1303861158632.000000	1303861158	632998
time: 1303861158672.000000	1303861158	672992
time: 1303861158712.000000	1303861158	712944
time: 1303861158752.000000	1303861158	752993
time: 1303861158795.000000	1303861158	795299
time: 1303861158832.000000	1303861158	832993
time: 1303861158872.000000	1303861158	872993
time: 1303861158912.000000	1303861158	912926
time: 1303861158952.000000	1303861158	952942
time: 1303861158992.000000	1303861158	992995
time: 1303861159032.000000	1303861159	32938
time: 1303861159072.000000	1303861159	72991
time: 1303861159112.000000	1303861159	112991
time: 1303861159152.000000	1303861159	152996
time: 1303861159192.000000	1303861159	192997
time: 1303861159232.000000	1303861159	232997
time: 1303861159272.000000	1303861159	272993
time: 1303861159312.000000	1303861159	312918
time: 1303861159352.000000	1303861159	352993
time: 1303861159392.000000	1303861159	392936
time: 1303861159432.000000	1303861159	432976
time: 1303861159472.000000	1303861159	472939
time: 1303861159512.000000	1303861159	512995
time: 1303861159552.000000	1303861159	552992
time: 1303861159592.000000	1303861159	592967
time: 1303861159632.000000	1303861159	632839
time: 1303861159672.000000	1303861159	672936
time: 1303861159712.000000	1303861159	712991
time: 1303861159752.000000	1303861159	752991
time: 1303861159792.000000	1303861159	792922
time: 1303861159832.000000	1303861159	832950
time: 1303861159872.000000	1303861159	872992
time: 1303861159912.000000	1303861159	912993
time: 1303861159952.000000	1303861159	952996
time: 1303861159992.000000	1303861159	992988
time: 1303861160032.000000	1303861160	32603
time: 1303861160072.000000	1303861160	72920
time: 1303861160112.000000	1303861160	112950
time: 1303861160152.000000	1303861160	152997
time: 1303861160192.000000	1303861160	192997
time: 1303861160232.000000	1303861160	232974
time: 1303861160272.000000	1303861160	272994
time: 1303861160312.000000	1303861160	312973
time: 1303861160352.000000	1303861160	352992
time: 1303861160392.000000	1303861160	392997
time: 1303861160432.000000	1303861160	432992
time: 1303861160472.000000	1303861160	472479
time: 1303861160512.000000	1303861160	512161
time: 1303861160552.000000	1303861160	552919
time: 1303861160592.000000	1303861160	592993
time: 1303861160632.000000	1303861160	632997
time: 1303861160672.000000	1303861160	672973
time: 1303861160712.000000	1303861160	712748
time: 1303861160752.000000	1303861160	752987
time: 1303861160792.000000	1303861160	792974
time: 1303861160832.000000	1303861160	832949
time: 1303861160871.000000	1303861160	871797
time: 1303861160912.000000	1303861160	912996
time: 1303861160952.000000	1303861160	952995
time: 1303861160992.000000	1303861160	992786
time: 1303861161032.000000	1303861161	32988
time: 1303861161071.000000	1303861161	71985
time: 1303861161112.000000	1303861161	112996
time: 1303861161152.000000	1303861161	152974
time: 1303861161192.000000	1303861161	192975
time: 1303861161232.000000	1303861161	232935
time: 1303861161272.000000	1303861161	272226
time: 1303861161311.000000	1303861161	311739
time: 1303861161353.000000	1303861161	353000
time: 1303861161392.000000	1303861161	392985
time: 1303861161431.000000	1303861161	431703
time: 1303861161472.000000	1303861161	472935
time: 1303861161512.000000	1303861161	512995
time: 1303861161552.000000	1303861161	552989
time: 1303861161592.000000	1303861161	592993
time: 1303861161631.000000	1303861161	631754
time: 1303861161671.000000	1303861161	671732
time: 1303861161711.000000	1303861161	711730
time: 1303861161752.000000	1303861161	752973
time: 1303861161792.000000	1303861161	792996
time: 1303861161832.000000	1303861161	832947
time: 1303861161872.000000	1303861161	872993
time: 1303861161912.000000	1303861161	912941
time: 1303861161952.000000	1303861161	952413
time: 1303861161991.000000	1303861161	991698
time: 1303861162032.000000	1303861162	32996
time: 1303861162071.000000	1303861162	71755
time: 1303861162111.000000	1303861162	111681
time: 1303861162151.000000	1303861162	151750
time: 1303861162191.000000	1303861162	191748
time: 1303861162231.000000	1303861162	231724
time: 1303861162271.000000	1303861162	271741
time: 1303861162311.000000	1303861162	311750
time: 1303861162352.000000	1303861162	352949
time: 1303861162392.000000	1303861162	392973
time: 1303861162431.000000	1303861162	431723
time: 1303861162472.000000	1303861162	472995
time: 1303861162512.000000	1303861162	512226
time: 1303861162552.000000	1303861162	552941
time: 1303861162592.000000	1303861162	592984
time: 1303861162632.000000	1303861162	632974
time: 1303861162672.000000	1303861162	672993
time: 1303861162711.000000	1303861162	711679
time: 1303861162751.000000	1303861162	751751
time: 1303861162792.000000	1303861162	792982
time: 1303861162831.000000	1303861162	831736
time: 1303861162871.000000	1303861162	871743
time: 1303861162911.000000	1303861162	911744
time: 1303861162951.000000	1303861162	951748
time: 1303861162991.000000	1303861162	991748
time: 1303861163032.000000	1303861163	32993
time: 1303861163072.000000	1303861163	72989
time: 1303861163096.000000	1303861163	96800
time: 1303861163168.000000	1303861163	168812
time: 1303861163224.000000	1303861163	224792
time: 1303861163384.000000	1303861163	384812
time: 1303861163496.000000	1303861163	496825
time: 1303861163584.000000	1303861163	584820
time: 1303861163664.000000	1303861163	664834
time: 1303861163760.000000	1303861163	760831
time: 1303861163872.000000	1303861163	872833
time: 1303861163944.000000	1303861163	944843
time: 1303861164008.000000	1303861164	8839
time: 1303861164104.000000	1303861164	104838
time: 1303861164184.000000	1303861164	184868
time: 1303861164280.000000	1303861164	280868
time: 1303861164352.000000	1303861164	352877
time: 1303861164456.000000	1303861164	456876
time: 1303861164504.000000	1303861164	504889
time: 1303861164632.000000	1303861164	632902
time: 1303861164688.000000	1303861164	688901
time: 1303861164792.000000	1303861164	792904
time: 1303861164872.000000	1303861164	872919
time: 1303861164960.000000	1303861164	960915
time: 1303861165016.000000	1303861165	16909
time: 1303861165128.000000	1303861165	128923
time: 1303861165176.000000	1303861165	176930
time: 1303861165288.000000	1303861165	288933
time: 1303861165352.000000	1303861165	352928
time: 1303861165464.000000	1303861165	464951
time: 1303861165496.000000	1303861165	496951
time: 1303861165592.000000	1303861165	592956
time: 1303861165680.000000	1303861165	680967
time: 1303861165784.000000	1303861165	784955
time: 1303861165833.000000	1303861165	833015
time: 1303861165960.000000	1303861165	960978
time: 1303861166024.000000	1303861166	24987
time: 1303861166160.000000	1303861166	160976
time: 1303861166192.000000	1303861166	192991
time: 1303861166328.000000	1303861166	328994
time: 1303861166385.000000	1303861166	385012
time: 1303861166497.000000	1303861166	497018
time: 1303861166561.000000	1303861166	561022
time: 1303861166673.000000	1303861166	673027
time: 1303861166745.000000	1303861166	745033
time: 1303861166849.000000	1303861166	849033
time: 1303861166873.000000	1303861166	873048
time: 1303861166985.000000	1303861166	985037
time: 1303861167049.000000	1303861167	49023
time: 1303861167209.000000	1303861167	209048
time: 1303861167225.000000	1303861167	225059
time: 1303861167337.000000	1303861167	337075
time: 1303861167393.000000	1303861167	393075
time: 1303861167657.000000	1303861167	657096
time: 1303861167777.000000	1303861167	777105
event8: latest hz = 43 (average hz = 43)
event8: latest hz = 1 (average hz = 22)
event8: latest hz = 1000 (average hz = 348)
event8: latest hz = 500 (average hz = 386)
event8: latest hz = 500 (average hz = 408)
event8: latest hz = 250 (average hz = 382)
event8: latest hz = 333 (average hz = 375)
event8: latest hz = 35 (average hz = 332)
event8: latest hz = 500 (average hz = 351)
event8: latest hz = 166 (average hz = 332)
event8: latest hz = 500 (average hz = 348)
event8: latest hz = 166 (average hz = 332)
event8: latest hz = 333 (average hz = 332)
event8: latest hz = 500 (average hz = 344)
event8: latest hz = 200 (average hz = 335)
event8: latest hz = 1000 (average hz = 376)
event8: latest hz = 250 (average hz = 369)
event8: latest hz = 1000 (average hz = 404)
event8: latest hz = 333 (average hz = 400)
event8: latest hz = 333 (average hz = 397)
event8: latest hz = 250 (average hz = 390)
event8: latest hz = 333 (average hz = 387)
event8: latest hz = 250 (average hz = 381)
event8: latest hz = 500 (average hz = 386)
event8: latest hz = 1000 (average hz = 411)
event8: latest hz = 333 (average hz = 408)
event8: latest hz = 200 (average hz = 400)
event8: latest hz = 333 (average hz = 397)
time: 1303861171129.000000	1303861171	129338
time: 1303861171177.000000	1303861171	177331
time: 1303861171297.000000	1303861171	297327
time: 1303861171353.000000	1303861171	353316
time: 1303861171473.000000	1303861171	473340
time: 1303861171529.000000	1303861171	529344
time: 1303861172201.000000	1303861172	201392
time: 1303861172257.000000	1303861172	257392
time: 1303861172361.000000	1303861172	361392
time: 1303861172425.000000	1303861172	425338
time: 1303861172889.000000	1303861172	889427
time: 1303861172969.000000	1303861172	969460
time: 1303861173041.000000	1303861173	41422
time: 1303861173121.000000	1303861173	121452
time: 1303861173217.000000	1303861173	217455
time: 1303861173289.000000	1303861173	289447
time: 1303861173553.000000	1303861173	553474
time: 1303861173601.000000	1303861173	601474
time: 1303861173721.000000	1303861173	721463
time: 1303861173777.000000	1303861173	777494
time: 1303861173881.000000	1303861173	881468
time: 1303861173961.000000	1303861173	961477
time: 1303861174073.000000	1303861174	73517
time: 1303861174129.000000	1303861174	129517
time: 1303861174233.000000	1303861174	233516
time: 1303861174297.000000	1303861174	297532
time: 1303861174417.000000	1303861174	417489
time: 1303861174489.000000	1303861174	489525
time: 1303861174601.000000	1303861174	601542
time: 1303861174681.000000	1303861174	681513
time: 1303861174793.000000	1303861174	793556
time: 1303861174849.000000	1303861174	849535
time: 1303861174961.000000	1303861174	961552
time: 1303861175025.000000	1303861175	25574
time: 1303861175137.000000	1303861175	137577
time: 1303861175193.000000	1303861175	193601
time: 1303861175321.000000	1303861175	321584
time: 1303861175377.000000	1303861175	377597
time: 1303861175497.000000	1303861175	497599
time: 1303861175553.000000	1303861175	553546
time: 1303861175665.000000	1303861175	665580
time: 1303861175729.000000	1303861175	729615
time: 1303861175849.000000	1303861175	849621
time: 1303861175905.000000	1303861175	905636
time: 1303861176033.000000	1303861176	33633
time: 1303861176097.000000	1303861176	97614
time: 1303861176217.000000	1303861176	217645
time: 1303861176265.000000	1303861176	265658
time: 1303861176377.000000	1303861176	377658
time: 1303861176425.000000	1303861176	425664
time: 1303861176537.000000	1303861176	537673
time: 1303861176609.000000	1303861176	609678
time: 1303861176713.000000	1303861176	713682
time: 1303861176777.000000	1303861176	777648
time: 1303861176889.000000	1303861176	889694
time: 1303861176953.000000	1303861176	953701
time: 1303861177073.000000	1303861177	73682
time: 1303861177145.000000	1303861177	145715
time: 1303861177249.000000	1303861177	249714
time: 1303861177305.000000	1303861177	305724
time: 1303861177417.000000	1303861177	417722
time: 1303861177465.000000	1303861177	465674
time: 1303861177577.000000	1303861177	577736
time: 1303861177625.000000	1303861177	625744
time: 1303861177745.000000	1303861177	745743
time: 1303861177809.000000	1303861177	809754
time: 1303861177921.000000	1303861177	921738
time: 1303861177977.000000	1303861177	977765
time: 1303861178113.000000	1303861178	113774
time: 1303861178169.000000	1303861178	169782
time: 1303861178273.000000	1303861178	273761
time: 1303861178337.000000	1303861178	337758
time: 1303861178441.000000	1303861178	441804
time: 1303861178497.000000	1303861178	497772
time: 1303861178617.000000	1303861178	617810
time: 1303861178673.000000	1303861178	673813
time: 1303861178785.000000	1303861178	785776
time: 1303861178849.000000	1303861178	849822
time: 1303861178961.000000	1303861178	961836
time: 1303861179017.000000	1303861179	17759
time: 1303861179121.000000	1303861179	121822
time: 1303861179193.000000	1303861179	193834
time: 1303861179289.000000	1303861179	289849
time: 1303861179361.000000	1303861179	361830
time: 1303861179457.000000	1303861179	457858
time: 1303861179521.000000	1303861179	521840
time: 1303861179625.000000	1303861179	625869
time: 1303861179689.000000	1303861179	689878
time: 1303861179793.000000	1303861179	793879
time: 1303861179857.000000	1303861179	857893
time: 1303861179954.000000	1303861179	954135
time: 1303861180017.000000	1303861180	17900
time: 1303861180121.000000	1303861180	121898
time: 1303861180169.000000	1303861180	169852
time: 1303861180281.000000	1303861180	281909
time: 1303861180377.000000	1303861180	377923
time: 1303861180473.000000	1303861180	473924
time: 1303861180553.000000	1303861180	553939
time: 1303861180657.000000	1303861180	657935
time: 1303861180721.000000	1303861180	721921
time: 1303861180817.000000	1303861180	817945
time: 1303861180889.000000	1303861180	889960
time: 1303861180993.000000	1303861180	993967
time: 1303861181057.000000	1303861181	57938
time: 1303861181161.000000	1303861181	161971
time: 1303861181217.000000	1303861181	217976
time: 1303861181329.000000	1303861181	329979
time: 1303861181401.000000	1303861181	401992
time: 1303861181521.000000	1303861181	521994
time: 1303861181577.000000	1303861181	577989
time: 1303861181705.000000	1303861181	705939
time: 1303861181754.000000	1303861181	754010
time: 1303861181874.000000	1303861181	874017
time: 1303861181930.000000	1303861181	930026
time: 1303861182050.000000	1303861182	50020
time: 1303861182106.000000	1303861182	106022
time: 1303861182226.000000	1303861182	226024
time: 1303861182274.000000	1303861182	274049
time: 1303861182394.000000	1303861182	394048
time: 1303861182458.000000	1303861182	458061
time: 1303861182578.000000	1303861182	578067
time: 1303861182634.000000	1303861182	634008
time: 1303861182762.000000	1303861182	762047
time: 1303861182810.000000	1303861182	810070
time: 1303861182930.000000	1303861182	930098
time: 1303861182986.000000	1303861182	986082
time: 1303861183098.000000	1303861183	98079
time: 1303861183162.000000	1303861183	162101
time: 1303861183274.000000	1303861183	274107
time: 1303861183322.000000	1303861183	322097
time: 1303861183442.000000	1303861183	442119
time: 1303861183498.000000	1303861183	498103
time: 1303861183618.000000	1303861183	618132
time: 1303861183666.000000	1303861183	666108
time: 1303861183786.000000	1303861183	786143
time: 1303861183834.000000	1303861183	834135
time: 1303861183946.000000	1303861183	946149
time: 1303861184002.000000	1303861184	2162
time: 1303861184114.000000	1303861184	114171
time: 1303861184170.000000	1303861184	170142
time: 1303861184282.000000	1303861184	282111
time: 1303861184330.000000	1303861184	330178
time: 1303861184450.000000	1303861184	450167
time: 1303861184506.000000	1303861184	506136
time: 1303861184626.000000	1303861184	626203
time: 1303861184682.000000	1303861184	682134
time: 1303861184794.000000	1303861184	794201
time: 1303861184842.000000	1303861184	842188
time: 1303861184962.000000	1303861184	962191
time: 1303861185018.000000	1303861185	18227
time: 1303861185138.000000	1303861185	138229
time: 1303861185186.000000	1303861185	186237
time: 1303861185290.000000	1303861185	290237
time: 1303861185362.000000	1303861185	362250
time: 1303861185466.000000	1303861185	466252
time: 1303861185538.000000	1303861185	538219
time: 1303861185650.000000	1303861185	650243
time: 1303861185698.000000	1303861185	698269
time: 1303861185810.000000	1303861185	810275
time: 1303861185882.000000	1303861185	882284
time: 1303861185994.000000	1303861185	994274
time: 1303861186050.000000	1303861186	50311
time: 1303861186170.000000	1303861186	170297
time: 1303861186226.000000	1303861186	226296
time: 1303861186338.000000	1303861186	338266
time: 1303861186378.000000	1303861186	378315
time: 1303861186498.000000	1303861186	498322
time: 1303861186570.000000	1303861186	570332
time: 1303861186674.000000	1303861186	674325
time: 1303861186746.000000	1303861186	746342
time: 1303861186858.000000	1303861186	858339
time: 1303861186906.000000	1303861186	906314
time: 1303861187034.000000	1303861187	34301
time: 1303861187082.000000	1303861187	82352
time: 1303861187210.000000	1303861187	210352
time: 1303861187258.000000	1303861187	258358
time: 1303861187386.000000	1303861187	386377
time: 1303861187442.000000	1303861187	442324
time: 1303861187554.000000	1303861187	554388
time: 1303861187610.000000	1303861187	610377
time: 1303861187722.000000	1303861187	722399
time: 1303861187786.000000	1303861187	786409
time: 1303861187890.000000	1303861187	890409
time: 1303861187954.000000	1303861187	954369
time: 1303861188058.000000	1303861188	58384
time: 1303861188114.000000	1303861188	114399
time: 1303861188226.000000	1303861188	226430
time: 1303861188282.000000	1303861188	282442
time: 1303861188394.000000	1303861188	394415
time: 1303861188458.000000	1303861188	458456
time: 1303861188570.000000	1303861188	570454
time: 1303861188626.000000	1303861188	626434
time: 1303861188738.000000	1303861188	738460
time: 1303861188802.000000	1303861188	802437
time: 1303861188914.000000	1303861188	914461
time: 1303861188986.000000	1303861188	986460
time: 1303861189082.000000	1303861189	82471
time: 1303861189162.000000	1303861189	162478
time: 1303861189258.000000	1303861189	258459
time: 1303861189322.000000	1303861189	322506
time: 1303861189426.000000	1303861189	426498
time: 1303861189498.000000	1303861189	498520
time: 1303861189602.000000	1303861189	602496
time: 1303861189666.000000	1303861189	666535
time: 1303861189770.000000	1303861189	770533
time: 1303861189834.000000	1303861189	834542
time: 1303861189946.000000	1303861189	946545
time: 1303861190010.000000	1303861190	10528
time: 1303861190122.000000	1303861190	122577
time: 1303861190186.000000	1303861190	186564
time: 1303861190298.000000	1303861190	298522
time: 1303861190346.000000	1303861190	346576
time: 1303861190458.000000	1303861190	458575
time: 1303861190514.000000	1303861190	514548
time: 1303861190618.000000	1303861190	618588
time: 1303861190682.000000	1303861190	682570
time: 1303861190778.000000	1303861190	778600
time: 1303861190850.000000	1303861190	850606
time: 1303861190954.000000	1303861190	954619
time: 1303861191034.000000	1303861191	34582
time: 1303861191138.000000	1303861191	138620
time: 1303861191202.000000	1303861191	202633
time: 1303861191314.000000	1303861191	314632
time: 1303861191370.000000	1303861191	370633
time: 1303861191490.000000	1303861191	490645
time: 1303861191538.000000	1303861191	538588
time: 1303861191642.000000	1303861191	642638
time: 1303861191722.000000	1303861191	722637
time: 1303861191818.000000	1303861191	818666
time: 1303861191898.000000	1303861191	898675
time: 1303861191986.000000	1303861191	986676
time: 1303861192058.000000	1303861192	58685
time: 1303861192162.000000	1303861192	162686
time: 1303861192226.000000	1303861192	226689
time: 1303861192330.000000	1303861192	330675
time: 1303861192402.000000	1303861192	402711
time: 1303861192506.000000	1303861192	506725
time: 1303861192578.000000	1303861192	578721
time: 1303861192674.000000	1303861192	674718
time: 1303861192738.000000	1303861192	738727
time: 1303861192842.000000	1303861192	842729
time: 1303861192914.000000	1303861192	914725
time: 1303861193018.000000	1303861193	18750
time: 1303861193082.000000	1303861193	82741
time: 1303861193194.000000	1303861193	194754
time: 1303861193250.000000	1303861193	250765
time: 1303861193370.000000	1303861193	370766
time: 1303861193426.000000	1303861193	426774
time: 1303861193522.000000	1303861193	522776
time: 1303861193586.000000	1303861193	586769
time: 1303861193690.000000	1303861193	690785
time: 1303861193762.000000	1303861193	762785
time: 1303861193874.000000	1303861193	874800
time: 1303861193930.000000	1303861193	930806
time: 1303861194050.000000	1303861194	50803
time: 1303861194114.000000	1303861194	114823
time: 1303861194226.000000	1303861194	226822
time: 1303861194298.000000	1303861194	298832
time: 1303861194402.000000	1303861194	402842
time: 1303861194458.000000	1303861194	458846
time: 1303861194578.000000	1303861194	578847
time: 1303861194642.000000	1303861194	642851
time: 1303861194754.000000	1303861194	754866
time: 1303861194818.000000	1303861194	818867
time: 1303861194922.000000	1303861194	922848
time: 1303861194986.000000	1303861194	986879
time: 1303861195090.000000	1303861195	90885
time: 1303861195146.000000	1303861195	146888
time: 1303861195258.000000	1303861195	258887
time: 1303861195314.000000	1303861195	314886
time: 1303861195434.000000	1303861195	434876
time: 1303861195490.000000	1303861195	490916
time: 1303861195602.000000	1303861195	602916
time: 1303861195666.000000	1303861195	666920
time: 1303861195770.000000	1303861195	770900
time: 1303861195826.000000	1303861195	826930
time: 1303861195938.000000	1303861195	938934
time: 1303861195994.000000	1303861195	994944
time: 1303861196106.000000	1303861196	106946
time: 1303861196154.000000	1303861196	154955
time: 1303861196266.000000	1303861196	266952
time: 1303861196338.000000	1303861196	338970
time: 1303861196442.000000	1303861196	442966
time: 1303861196514.000000	1303861196	514975
time: 1303861196618.000000	1303861196	618985
time: 1303861196666.000000	1303861196	666985
time: 1303861196786.000000	1303861196	786994
time: 1303861196851.000000	1303861196	851001
time: 1303861196955.000000	1303861196	955018
time: 1303861197034.000000	1303861197	34981
time: 1303861197138.000000	1303861197	138999
time: 1303861197203.000000	1303861197	203022
time: 1303861197298.000000	1303861197	298996
time: 1303861197371.000000	1303861197	371006
time: 1303861197483.000000	1303861197	483031
time: 1303861197539.000000	1303861197	539045
time: 1303861197659.000000	1303861197	659022
time: 1303861197715.000000	1303861197	715055
time: 1303861197835.000000	1303861197	835056
time: 1303861197899.000000	1303861197	899041
time: 1303861198003.000000	1303861198	3048
time: 1303861198059.000000	1303861198	59054
time: 1303861198179.000000	1303861198	179079
time: 1303861198227.000000	1303861198	227086
time: 1303861198347.000000	1303861198	347092
time: 1303861198403.000000	1303861198	403098
time: 1303861198523.000000	1303861198	523102
time: 1303861198579.000000	1303861198	579113
time: 1303861198699.000000	1303861198	699113
time: 1303861198755.000000	1303861198	755123
time: 1303861198875.000000	1303861198	875126
time: 1303861198931.000000	1303861198	931139
time: 1303861199059.000000	1303861199	59153
time: 1303861199107.000000	1303861199	107148
time: 1303861199227.000000	1303861199	227152
time: 1303861199291.000000	1303861199	291159
time: 1303861199403.000000	1303861199	403159
time: 1303861199451.000000	1303861199	451101
time: 1303861199571.000000	1303861199	571179
time: 1303861199619.000000	1303861199	619181
time: 1303861199739.000000	1303861199	739168
time: 1303861199787.000000	1303861199	787168
time: 1303861199923.000000	1303861199	923179
time: 1303861199963.000000	1303861199	963196
time: 1303861200107.000000	1303861200	107215
time: 1303861200147.000000	1303861200	147183
time: 1303861200283.000000	1303861200	283216
time: 1303861200339.000000	1303861200	339229
time: 1303861200451.000000	1303861200	451231
time: 1303861200523.000000	1303861200	523237
time: 1303861200627.000000	1303861200	627240
time: 1303861200691.000000	1303861200	691249
time: 1303861200795.000000	1303861200	795255
time: 1303861200851.000000	1303861200	851247
time: 1303861200971.000000	1303861200	971214
time: 1303861201019.000000	1303861201	19260
time: 1303861201123.000000	1303861201	123236
time: 1303861201195.000000	1303861201	195267
time: 1303861201299.000000	1303861201	299281
time: 1303861201355.000000	1303861201	355265
time: 1303861201467.000000	1303861201	467295
time: 1303861201547.000000	1303861201	547281
time: 1303861201659.000000	1303861201	659307
time: 1303861201731.000000	1303861201	731281
time: 1303861201843.000000	1303861201	843315
time: 1303861201915.000000	1303861201	915320
time: 1303861202019.000000	1303861202	19328
time: 1303861202091.000000	1303861202	91339
time: 1303861202203.000000	1303861202	203317
time: 1303861202259.000000	1303861202	259351
time: 1303861202371.000000	1303861202	371363
time: 1303861202427.000000	1303861202	427359
time: 1303861202539.000000	1303861202	539366
time: 1303861202603.000000	1303861202	603376
time: 1303861202723.000000	1303861202	723378
time: 1303861202787.000000	1303861202	787345
time: 1303861202899.000000	1303861202	899388
time: 1303861202963.000000	1303861202	963403
time: 1303861203075.000000	1303861203	75406
time: 1303861203139.000000	1303861203	139420
time: 1303861203259.000000	1303861203	259410
time: 1303861203307.000000	1303861203	307422
time: 1303861203427.000000	1303861203	427421
time: 1303861203483.000000	1303861203	483425
time: 1303861203603.000000	1303861203	603434
time: 1303861203659.000000	1303861203	659443
time: 1303861203779.000000	1303861203	779446
time: 1303861203843.000000	1303861203	843454
time: 1303861203955.000000	1303861203	955423
time: 1303861204011.000000	1303861204	11447
time: 1303861204131.000000	1303861204	131479
time: 1303861204179.000000	1303861204	179452
time: 1303861204299.000000	1303861204	299480
time: 1303861204363.000000	1303861204	363489
time: 1303861204467.000000	1303861204	467489
time: 1303861204523.000000	1303861204	523498
time: 1303861204635.000000	1303861204	635505
time: 1303861204707.000000	1303861204	707486
time: 1303861204803.000000	1303861204	803513
time: 1303861204891.000000	1303861204	891524
time: 1303861204987.000000	1303861204	987537
time: 1303861205051.000000	1303861205	51539
time: 1303861205163.000000	1303861205	163536
time: 1303861205211.000000	1303861205	211521
time: 1303861205323.000000	1303861205	323520
time: 1303861205387.000000	1303861205	387556
time: 1303861205499.000000	1303861205	499557
time: 1303861205547.000000	1303861205	547539
time: 1303861205683.000000	1303861205	683573
time: 1303861205739.000000	1303861205	739583
time: 1303861205859.000000	1303861205	859559
time: 1303861205931.000000	1303861205	931594
time: 1303861206035.000000	1303861206	35591
time: 1303861206099.000000	1303861206	99604
time: 1303861206211.000000	1303861206	211579
time: 1303861206267.000000	1303861206	267613
time: 1303861206395.000000	1303861206	395613
time: 1303861206443.000000	1303861206	443609
time: 1303861206563.000000	1303861206	563629
time: 1303861206627.000000	1303861206	627626
time: 1303861206739.000000	1303861206	739640
time: 1303861206795.000000	1303861206	795647
time: 1303861206915.000000	1303861206	915652
time: 1303861206979.000000	1303861206	979645
time: 1303861207091.000000	1303861207	91668
time: 1303861207139.000000	1303861207	139674
time: 1303861207267.000000	1303861207	267671
time: 1303861207323.000000	1303861207	323683
time: 1303861207435.000000	1303861207	435687
time: 1303861207507.000000	1303861207	507694
time: 1303861207619.000000	1303861207	619676
time: 1303861207683.000000	1303861207	683645
time: 1303861207804.000000	1303861207	804410
time: 1303861207867.000000	1303861207	867730
time: 1303861207979.000000	1303861207	979720
time: 1303861208043.000000	1303861208	43702
time: 1303861208163.000000	1303861208	163731
time: 1303861208235.000000	1303861208	235742
time: 1303861208347.000000	1303861208	347738
time: 1303861208403.000000	1303861208	403679
time: 1303861208523.000000	1303861208	523757
time: 1303861208587.000000	1303861208	587766
time: 1303861208715.000000	1303861208	715770
time: 1303861208763.000000	1303861208	763782
time: 1303861208883.000000	1303861208	883752
time: 1303861208939.000000	1303861208	939766
time: 1303861209059.000000	1303861209	59744
time: 1303861209131.000000	1303861209	131801
time: 1303861209235.000000	1303861209	235792
time: 1303861209291.000000	1303861209	291805
time: 1303861209403.000000	1303861209	403810
time: 1303861209459.000000	1303861209	459838
time: 1303861209587.000000	1303861209	587821
time: 1303861209635.000000	1303861209	635833
time: 1303861209763.000000	1303861209	763835
time: 1303861209827.000000	1303861209	827845
time: 1303861209939.000000	1303861209	939848
time: 1303861210003.000000	1303861210	3856
time: 1303861210123.000000	1303861210	123861
time: 1303861210195.000000	1303861210	195866
time: 1303861210299.000000	1303861210	299871
time: 1303861210379.000000	1303861210	379888
time: 1303861210475.000000	1303861210	475878
time: 1303861210547.000000	1303861210	547857
time: 1303861210667.000000	1303861210	667898
time: 1303861210723.000000	1303861210	723906
time: 1303861210851.000000	1303861210	851908
time: 1303861210915.000000	1303861210	915909
time: 1303861211027.000000	1303861211	27927
time: 1303861211099.000000	1303861211	99919
time: 1303861211195.000000	1303861211	195931
time: 1303861211267.000000	1303861211	267937
time: 1303861211387.000000	1303861211	387940
time: 1303861211451.000000	1303861211	451955
time: 1303861211571.000000	1303861211	571959
time: 1303861211627.000000	1303861211	627964
time: 1303861211739.000000	1303861211	739975
time: 1303861211795.000000	1303861211	795977
time: 1303861211915.000000	1303861211	915975
time: 1303861211971.000000	1303861211	971929
time: 1303861212099.000000	1303861212	99978
time: 1303861212155.000000	1303861212	155999
time: 1303861212268.000000	1303861212	268001
time: 1303861212324.000000	1303861212	324012
time: 1303861212451.000000	1303861212	451996
time: 1303861212507.000000	1303861212	507989
time: 1303861212620.000000	1303861212	620020
time: 1303861212684.000000	1303861212	684026
time: 1303861212788.000000	1303861212	788051
time: 1303861212852.000000	1303861212	852042
time: 1303861212964.000000	1303861212	964057
time: 1303861213036.000000	1303861213	36055
time: 1303861213140.000000	1303861213	140061
time: 1303861213212.000000	1303861213	212055
time: 1303861213324.000000	1303861213	324065
time: 1303861213380.000000	1303861213	380075
time: 1303861213492.000000	1303861213	492081
time: 1303861213556.000000	1303861213	556082
time: 1303861213676.000000	1303861213	676095
time: 1303861213740.000000	1303861213	740102
time: 1303861213860.000000	1303861213	860104
time: 1303861213916.000000	1303861213	916113
time: 1303861214036.000000	1303861214	36098
time: 1303861214092.000000	1303861214	92121
time: 1303861214212.000000	1303861214	212129
time: 1303861214268.000000	1303861214	268124
time: 1303861214388.000000	1303861214	388135
time: 1303861214452.000000	1303861214	452149
time: 1303861214564.000000	1303861214	564120
time: 1303861214620.000000	1303861214	620131
time: 1303861214732.000000	1303861214	732163
time: 1303861214788.000000	1303861214	788168
time: 1303861214908.000000	1303861214	908174
time: 1303861214956.000000	1303861214	956172
time: 1303861215068.000000	1303861215	68188
time: 1303861215124.000000	1303861215	124139
time: 1303861215244.000000	1303861215	244201
time: 1303861215292.000000	1303861215	292197
time: 1303861215412.000000	1303861215	412205
time: 1303861215476.000000	1303861215	476213
time: 1303861215588.000000	1303861215	588205
time: 1303861215636.000000	1303861215	636225
time: 1303861215764.000000	1303861215	764142
time: 1303861215828.000000	1303861215	828238
time: 1303861215948.000000	1303861215	948235
time: 1303861216004.000000	1303861216	4250
time: 1303861216116.000000	1303861216	116252
time: 1303861216180.000000	1303861216	180265
time: 1303861216300.000000	1303861216	300247
time: 1303861216356.000000	1303861216	356274
time: 1303861216476.000000	1303861216	476244
time: 1303861216540.000000	1303861216	540284
time: 1303861216652.000000	1303861216	652289
time: 1303861216700.000000	1303861216	700293
time: 1303861216812.000000	1303861216	812298
time: 1303861216884.000000	1303861216	884295
time: 1303861216988.000000	1303861216	988315
time: 1303861217052.000000	1303861217	52318
time: 1303861217156.000000	1303861217	156318
time: 1303861217228.000000	1303861217	228332
time: 1303861217332.000000	1303861217	332330
time: 1303861217388.000000	1303861217	388339
time: 1303861217500.000000	1303861217	500335
time: 1303861217572.000000	1303861217	572478
time: 1303861217676.000000	1303861217	676352
time: 1303861217732.000000	1303861217	732363
time: 1303861217852.000000	1303861217	852369
time: 1303861217908.000000	1303861217	908372
time: 1303861218028.000000	1303861218	28376
time: 1303861218092.000000	1303861218	92372
time: 1303861218212.000000	1303861218	212352
time: 1303861218268.000000	1303861218	268384
time: 1303861218396.000000	1303861218	396410
time: 1303861218444.000000	1303861218	444395
time: 1303861218548.000000	1303861218	548408
time: 1303861218628.000000	1303861218	628421
time: 1303861218732.000000	1303861218	732409
time: 1303861218804.000000	1303861218	804428
time: 1303861218916.000000	1303861218	916430
time: 1303861218988.000000	1303861218	988444
time: 1303861219092.000000	1303861219	92422
time: 1303861219156.000000	1303861219	156442
time: 1303861219260.000000	1303861219	260456
time: 1303861219316.000000	1303861219	316463
time: 1303861219436.000000	1303861219	436468
time: 1303861219508.000000	1303861219	508449
time: 1303861219612.000000	1303861219	612396
time: 1303861219676.000000	1303861219	676489
time: 1303861219780.000000	1303861219	780490
time: 1303861219860.000000	1303861219	860473
time: 1303861219964.000000	1303861219	964499
time: 1303861220028.000000	1303861220	28508
time: 1303861220140.000000	1303861220	140518
time: 1303861220188.000000	1303861220	188508
time: 1303861220308.000000	1303861220	308522
time: 1303861220372.000000	1303861220	372507
time: 1303861220476.000000	1303861220	476529
time: 1303861220540.000000	1303861220	540518
time: 1303861220636.000000	1303861220	636528
time: 1303861220732.000000	1303861220	732564
time: 1303861220836.000000	1303861220	836557
time: 1303861220908.000000	1303861220	908567
time: 1303861221020.000000	1303861221	20580
time: 1303861221076.000000	1303861221	76570
time: 1303861221196.000000	1303861221	196583
time: 1303861221252.000000	1303861221	252593
time: 1303861221380.000000	1303861221	380563
time: 1303861221436.000000	1303861221	436603
time: 1303861221556.000000	1303861221	556577
time: 1303861221620.000000	1303861221	620617
time: 1303861221732.000000	1303861221	732604
time: 1303861221804.000000	1303861221	804628
time: 1303861221916.000000	1303861221	916596
time: 1303861221956.000000	1303861221	956607
time: 1303861222084.000000	1303861222	84614
time: 1303861222140.000000	1303861222	140651
time: 1303861222252.000000	1303861222	252637
time: 1303861222324.000000	1303861222	324637
time: 1303861222428.000000	1303861222	428663
time: 1303861222492.000000	1303861222	492647
time: 1303861222596.000000	1303861222	596678
time: 1303861222652.000000	1303861222	652658
time: 1303861222764.000000	1303861222	764688
time: 1303861222836.000000	1303861222	836695
time: 1303861222940.000000	1303861222	940678
time: 1303861223020.000000	1303861223	20706
time: 1303861223132.000000	1303861223	132711
time: 1303861223188.000000	1303861223	188704
time: 1303861223308.000000	1303861223	308720
time: 1303861223356.000000	1303861223	356728
time: 1303861223468.000000	1303861223	468728
time: 1303861223540.000000	1303861223	540736
time: 1303861223660.000000	1303861223	660729
time: 1303861223708.000000	1303861223	708738
time: 1303861223820.000000	1303861223	820727
time: 1303861223868.000000	1303861223	868737
time: 1303861223972.000000	1303861223	972760
time: 1303861224044.000000	1303861224	44763
time: 1303861224140.000000	1303861224	140751
time: 1303861224212.000000	1303861224	212772
time: 1303861224316.000000	1303861224	316768
time: 1303861224380.000000	1303861224	380796
time: 1303861224500.000000	1303861224	500796
time: 1303861224564.000000	1303861224	564805
time: 1303861224692.000000	1303861224	692813
time: 1303861224756.000000	1303861224	756808
time: 1303861224860.000000	1303861224	860794
time: 1303861224932.000000	1303861224	932810
time: 1303861225068.000000	1303861225	68837
time: 1303861225148.000000	1303861225	148819
time: 1303861225284.000000	1303861225	284849
time: 1303861225340.000000	1303861225	340843
time: 1303861225452.000000	1303861225	452859
time: 1303861225508.000000	1303861225	508837
time: 1303861225628.000000	1303861225	628881
time: 1303861225676.000000	1303861225	676879
time: 1303861225796.000000	1303861225	796879
time: 1303861225852.000000	1303861225	852890
time: 1303861225964.000000	1303861225	964895
time: 1303861226020.000000	1303861226	20900
time: 1303861226140.000000	1303861226	140904
time: 1303861226196.000000	1303861226	196916
time: 1303861226308.000000	1303861226	308910
time: 1303861226364.000000	1303861226	364929
time: 1303861226492.000000	1303861226	492925
time: 1303861226572.000000	1303861226	572938
time: 1303861226676.000000	1303861226	676942
time: 1303861226748.000000	1303861226	748931
time: 1303861226860.000000	1303861226	860946
time: 1303861226908.000000	1303861226	908964
time: 1303861227028.000000	1303861227	28971
time: 1303861227084.000000	1303861227	84941
time: 1303861227212.000000	1303861227	212978
time: 1303861227316.000000	1303861227	316990
time: 1303861227420.000000	1303861227	420986
time: 1303861227501.000000	1303861227	501000
time: 1303861227612.000000	1303861227	612977
time: 1303861227669.000000	1303861227	669008
time: 1303861227780.000000	1303861227	780997
time: 1303861227861.000000	1303861227	861012
time: 1303861227981.000000	1303861227	981022
time: 1303861228045.000000	1303861228	45038
time: 1303861228173.000000	1303861228	173039
time: 1303861228253.000000	1303861228	253046
time: 1303861228365.000000	1303861228	365052
time: 1303861228413.000000	1303861228	413058
time: 1303861228533.000000	1303861228	533036
time: 1303861228589.000000	1303861228	589073
time: 1303861228701.000000	1303861228	701073
time: 1303861228765.000000	1303861228	765068
time: 1303861228885.000000	1303861228	885082
time: 1303861228965.000000	1303861228	965096
time: 1303861229077.000000	1303861229	77105
time: 1303861229149.000000	1303861229	149084
time: 1303861229261.000000	1303861229	261106
time: 1303861229325.000000	1303861229	325118
time: 1303861229445.000000	1303861229	445120
time: 1303861229501.000000	1303861229	501128
time: 1303861229621.000000	1303861229	621120
time: 1303861229709.000000	1303861229	709146
time: 1303861229821.000000	1303861229	821113
time: 1303861229893.000000	1303861229	893143
time: 1303861230013.000000	1303861230	13095
time: 1303861230077.000000	1303861230	77165
time: 1303861230205.000000	1303861230	205175
time: 1303861230277.000000	1303861230	277181
time: 1303861230405.000000	1303861230	405183
time: 1303861230477.000000	1303861230	477191
time: 1303861230589.000000	1303861230	589192
time: 1303861230637.000000	1303861230	637179
time: 1303861230773.000000	1303861230	773210
time: 1303861230845.000000	1303861230	845218
time: 1303861230973.000000	1303861230	973227
time: 1303861231037.000000	1303861231	37192
time: 1303861231165.000000	1303861231	165236
time: 1303861231237.000000	1303861231	237206
time: 1303861231365.000000	1303861231	365249
time: 1303861231437.000000	1303861231	437254
time: 1303861231557.000000	1303861231	557257
time: 1303861231613.000000	1303861231	613241
time: 1303861231733.000000	1303861231	733267
time: 1303861231797.000000	1303861231	797255
time: 1303861231917.000000	1303861231	917281
time: 1303861231981.000000	1303861231	981289
time: 1303861232101.000000	1303861232	101290
time: 1303861232165.000000	1303861232	165290
time: 1303861232301.000000	1303861232	301273
time: 1303861232349.000000	1303861232	349312
time: 1303861232493.000000	1303861232	493317
time: 1303861232525.000000	1303861232	525323
time: 1303861232645.000000	1303861232	645337
time: 1303861232693.000000	1303861232	693323
time: 1303861232813.000000	1303861232	813338
time: 1303861232885.000000	1303861232	885350
time: 1303861233021.000000	1303861233	21335
time: 1303861233085.000000	1303861233	85367
time: 1303861233221.000000	1303861233	221371
time: 1303861233261.000000	1303861233	261357
time: 1303861233357.000000	1303861233	357351
time: 1303861233421.000000	1303861233	421383
time: 1303861233549.000000	1303861233	549372
time: 1303861233613.000000	1303861233	613374
time: 1303861233757.000000	1303861233	757404
time: 1303861233861.000000	1303861233	861413
time: 1303861233957.000000	1303861233	957390
time: 1303861234013.000000	1303861234	13387
time: 1303861234125.000000	1303861234	125434
time: 1303861234181.000000	1303861234	181415
time: 1303861234293.000000	1303861234	293432
time: 1303861234349.000000	1303861234	349425
time: 1303861234477.000000	1303861234	477446
time: 1303861234525.000000	1303861234	525450
time: 1303861234653.000000	1303861234	653392
time: 1303861234709.000000	1303861234	709460
time: 1303861234829.000000	1303861234	829470
time: 1303861234885.000000	1303861234	885473
time: 1303861235005.000000	1303861235	5484
time: 1303861235061.000000	1303861235	61490
time: 1303861235181.000000	1303861235	181496
time: 1303861235245.000000	1303861235	245504
time: 1303861235365.000000	1303861235	365506
time: 1303861235413.000000	1303861235	413486
time: 1303861235549.000000	1303861235	549521
time: 1303861235605.000000	1303861235	605514
time: 1303861235725.000000	1303861235	725532
time: 1303861235789.000000	1303861235	789513
time: 1303861235909.000000	1303861235	909529
time: 1303861235957.000000	1303861235	957549
time: 1303861236077.000000	1303861236	77552
time: 1303861236125.000000	1303861236	125537
time: 1303861236245.000000	1303861236	245539
time: 1303861236301.000000	1303861236	301571
time: 1303861236429.000000	1303861236	429573
time: 1303861236485.000000	1303861236	485582
time: 1303861236605.000000	1303861236	605553
time: 1303861236653.000000	1303861236	653590
time: 1303861236781.000000	1303861236	781607
time: 1303861236829.000000	1303861236	829593
time: 1303861236949.000000	1303861236	949607
time: 1303861237005.000000	1303861237	5631
time: 1303861237125.000000	1303861237	125628
time: 1303861237189.000000	1303861237	189610
time: 1303861237309.000000	1303861237	309629
time: 1303861237357.000000	1303861237	357638
time: 1303861237469.000000	1303861237	469632
time: 1303861237533.000000	1303861237	533660
time: 1303861237645.000000	1303861237	645606
time: 1303861237717.000000	1303861237	717661
time: 1303861237829.000000	1303861237	829668
time: 1303861237893.000000	1303861237	893676
time: 1303861238013.000000	1303861238	13653
time: 1303861238061.000000	1303861238	61684
time: 1303861238181.000000	1303861238	181700
time: 1303861238221.000000	1303861238	221693
time: 1303861238341.000000	1303861238	341676
time: 1303861238389.000000	1303861238	389696
time: 1303861238509.000000	1303861238	509708
time: 1303861238565.000000	1303861238	565722
time: 1303861238685.000000	1303861238	685726
time: 1303861238749.000000	1303861238	749731
time: 1303861238861.000000	1303861238	861733
time: 1303861238909.000000	1303861238	909717
time: 1303861239029.000000	1303861239	29721
time: 1303861239085.000000	1303861239	85732
time: 1303861239197.000000	1303861239	197745
time: 1303861239253.000000	1303861239	253764
time: 1303861239365.000000	1303861239	365770
time: 1303861239437.000000	1303861239	437785
time: 1303861239557.000000	1303861239	557776
time: 1303861239597.000000	1303861239	597756
time: 1303861239709.000000	1303861239	709775
time: 1303861239781.000000	1303861239	781802
time: 1303861239885.000000	1303861239	885802
time: 1303861239973.000000	1303861239	973789
time: 1303861240061.000000	1303861240	61810
time: 1303861240125.000000	1303861240	125796
time: 1303861240221.000000	1303861240	221818
time: 1303861240293.000000	1303861240	293805
time: 1303861240397.000000	1303861240	397832
time: 1303861240461.000000	1303861240	461822
time: 1303861240573.000000	1303861240	573852
time: 1303861240637.000000	1303861240	637823
time: 1303861240757.000000	1303861240	757836
time: 1303861240813.000000	1303861240	813854
time: 1303861240917.000000	1303861240	917870
time: 1303861240981.000000	1303861240	981858
time: 1303861241093.000000	1303861241	93883
time: 1303861241157.000000	1303861241	157891
time: 1303861241269.000000	1303861241	269885
time: 1303861241333.000000	1303861241	333886
time: 1303861241461.000000	1303861241	461908
time: 1303861241509.000000	1303861241	509900
time: 1303861241621.000000	1303861241	621886
time: 1303861241677.000000	1303861241	677924
time: 1303861241789.000000	1303861241	789927
time: 1303861241861.000000	1303861241	861940
time: 1303861241965.000000	1303861241	965937
time: 1303861242037.000000	1303861242	37926
time: 1303861242149.000000	1303861242	149926
time: 1303861242213.000000	1303861242	213956
time: 1303861242333.000000	1303861242	333955
time: 1303861242397.000000	1303861242	397973
time: 1303861242501.000000	1303861242	501947
time: 1303861242565.000000	1303861242	565983
time: 1303861242685.000000	1303861242	685985
time: 1303861242741.000000	1303861242	741969
time: 1303861242862.000000	1303861242	862010
time: 1303861242926.000000	1303861242	926007
time: 1303861243046.000000	1303861243	46003
time: 1303861243110.000000	1303861243	110021
time: 1303861243222.000000	1303861243	222023
time: 1303861243278.000000	1303861243	278029
time: 1303861243398.000000	1303861243	398005
time: 1303861243454.000000	1303861243	454038
time: 1303861243574.000000	1303861243	574015
time: 1303861243638.000000	1303861243	638041
time: 1303861243750.000000	1303861243	750055
time: 1303861243806.000000	1303861243	806067
time: 1303861243910.000000	1303861243	910064
time: 1303861243982.000000	1303861243	982048
time: 1303861244086.000000	1303861244	86083
time: 1303861244158.000000	1303861244	158103
time: 1303861244262.000000	1303861244	262083
time: 1303861244318.000000	1303861244	318068
time: 1303861244430.000000	1303861244	430094
time: 1303861244502.000000	1303861244	502110
time: 1303861244606.000000	1303861244	606123
time: 1303861244670.000000	1303861244	670122
time: 1303861244774.000000	1303861244	774123
time: 1303861244846.000000	1303861244	846131
time: 1303861244958.000000	1303861244	958142
time: 1303861245030.000000	1303861245	30121
time: 1303861245134.000000	1303861245	134151
time: 1303861245206.000000	1303861245	206156
time: 1303861245310.000000	1303861245	310157
time: 1303861245406.000000	1303861245	406143
time: 1303861245494.000000	1303861245	494128
time: 1303861245558.000000	1303861245	558156
time: 1303861245654.000000	1303861245	654156
time: 1303861245726.000000	1303861245	726174
time: 1303861245830.000000	1303861245	830186
time: 1303861245886.000000	1303861245	886196
time: 1303861246006.000000	1303861246	6198
time: 1303861246062.000000	1303861246	62213
time: 1303861246190.000000	1303861246	190196
time: 1303861246262.000000	1303861246	262224
time: 1303861246366.000000	1303861246	366220
time: 1303861246446.000000	1303861246	446234
time: 1303861246542.000000	1303861246	542212
time: 1303861246598.000000	1303861246	598226
time: 1303861246710.000000	1303861246	710233
time: 1303861246774.000000	1303861246	774228
time: 1303861246894.000000	1303861246	894234
time: 1303861246950.000000	1303861246	950243
time: 1303861247070.000000	1303861247	70261
time: 1303861247118.000000	1303861247	118281
time: 1303861247230.000000	1303861247	230283
time: 1303861247302.000000	1303861247	302289
time: 1303861247406.000000	1303861247	406290
time: 1303861247470.000000	1303861247	470302
time: 1303861247590.000000	1303861247	590302
time: 1303861247646.000000	1303861247	646297
time: 1303861247758.000000	1303861247	758319
time: 1303861247814.000000	1303861247	814322
time: 1303861247926.000000	1303861247	926325
time: 1303861247990.000000	1303861247	990310
time: 1303861248110.000000	1303861248	110337
time: 1303861248158.000000	1303861248	158346
time: 1303861248278.000000	1303861248	278333
time: 1303861248350.000000	1303861248	350359
time: 1303861248454.000000	1303861248	454357
time: 1303861248510.000000	1303861248	510366
time: 1303861248614.000000	1303861248	614369
time: 1303861248662.000000	1303861248	662359
time: 1303861248774.000000	1303861248	774381
time: 1303861248838.000000	1303861248	838390
time: 1303861248958.000000	1303861248	958378
time: 1303861249006.000000	1303861249	6335
time: 1303861249118.000000	1303861249	118412
time: 1303861249182.000000	1303861249	182412
time: 1303861249278.000000	1303861249	278416
time: 1303861249350.000000	1303861249	350423
time: 1303861249462.000000	1303861249	462409
time: 1303861249534.000000	1303861249	534409
time: 1303861249646.000000	1303861249	646443
time: 1303861249718.000000	1303861249	718447
time: 1303861249822.000000	1303861249	822441
time: 1303861249878.000000	1303861249	878458
time: 1303861249982.000000	1303861249	982462
time: 1303861250062.000000	1303861250	62470
time: 1303861250150.000000	1303861250	150477
time: 1303861250230.000000	1303861250	230485
time: 1303861250326.000000	1303861250	326479
time: 1303861250406.000000	1303861250	406493
time: 1303861250510.000000	1303861250	510439
time: 1303861250582.000000	1303861250	582419
time: 1303861250694.000000	1303861250	694482
time: 1303861250758.000000	1303861250	758464
time: 1303861250862.000000	1303861250	862492
time: 1303861250942.000000	1303861250	942500
time: 1303861251038.000000	1303861251	38534
time: 1303861251110.000000	1303861251	110542
time: 1303861251206.000000	1303861251	206532
time: 1303861251278.000000	1303861251	278549
time: 1303861251374.000000	1303861251	374538
time: 1303861251454.000000	1303861251	454561
time: 1303861251566.000000	1303861251	566520
time: 1303861251638.000000	1303861251	638573
time: 1303861251742.000000	1303861251	742573
time: 1303861251806.000000	1303861251	806558
time: 1303861251910.000000	1303861251	910586
time: 1303861251982.000000	1303861251	982567
time: 1303861252086.000000	1303861252	86598
time: 1303861252158.000000	1303861252	158590
time: 1303861252270.000000	1303861252	270581
time: 1303861252326.000000	1303861252	326618
time: 1303861252430.000000	1303861252	430616
time: 1303861252510.000000	1303861252	510631
time: 1303861252606.000000	1303861252	606630
time: 1303861252694.000000	1303861252	694615
time: 1303861252790.000000	1303861252	790643
time: 1303861252862.000000	1303861252	862655
time: 1303861252958.000000	1303861252	958651
time: 1303861253038.000000	1303861253	38636
time: 1303861253142.000000	1303861253	142658
time: 1303861253222.000000	1303861253	222638
time: 1303861253326.000000	1303861253	326678
time: 1303861253414.000000	1303861253	414695
time: 1303861253510.000000	1303861253	510690
time: 1303861253566.000000	1303861253	566697
time: 1303861253670.000000	1303861253	670691
time: 1303861253726.000000	1303861253	726707
time: 1303861253830.000000	1303861253	830708
time: 1303861253894.000000	1303861253	894697
time: 1303861254006.000000	1303861254	6698
time: 1303861254102.000000	1303861254	102737
